0 1520 2827 1277 3932 2271 1386 4075 4371 2619 3707 2490 4690 4302 4587 4571 3762 5114 4452 4290 3412 3626 4229 3860 1396 2252 1913 2162 1310 2616 2014 2614 2856 3278 2561 4210 3461 2869 2562 3288 3197 4169 2153 3389 3143 2685 3635 2551 3376 3670 3111 2696 2765 3118 3042 3521 3441 3483 3778 2937 3838 3410 3379 2946 3166 3085 3931 3406 3827 3025 4893 3860 4941 3547 4556 4120 3891 3793 5079 3906 3073 3737 4861 3055 3860 3052 4603 4589 4143 3332 3965 5128 5266 5504 4850 5761 4310 6117 5040 5504 5330 5055 6370 6067 5981
1683 0 2011 829 3371 1972 1358 3106 3506 1262 3146 1520 3721 3333 3618 3602 2858 4145 3483 3321 2443 2905 3260 2891 1490 1783 1724 1723 1362 2183 1696 2175 2417 2839 2122 3777 3028 2436 2130 2855 2764 3736 1592 2828 2582 2253 3074 1990 2815 3237 2678 2263 2332 2685 2609 3089 3008 3050 3345 2504 3405 2977 2946 2513 2733 2653 3498 2973 3394 2592 4460 3427 4508 3114 4123 3681 3452 3354 4639 3467 2634 3298 4422 2616 3420 2613 4164 4150 3704 2893 3525 4689 4833 5071 4417 5328 3877 5684 4607 5071 4897 4622 5937 5634 5548
2903 1978 0 2421 829 3484 2983 4401 2359 2853 1547 2908 5016 4628 4913 4897 4153 5440 4778 4616 3738 4040 4555 4186 2710 3004 2944 2850 2582 3223 2916 3302 3544 3966 3249 4908 4159 3567 3261 3986 3895 4867 1647 2729 2637 2783 1587 1122 2716 4052 3809 3394 3559 3816 3740 3610 4139 4181 4476 3635 4536 3825 4077 3644 3865 3784 4629 4104 4525 3723 5591 4558 5639 4245 5254 4808 4579 4481 5766 4594 3761 4425 5549 3743 4547 3740 5291 5277 4831 4020 4652 5816 5964 6202 5548 6459 5008 6815 5738 6202 6028 5753 7068 6765 6679
1339 883 2432 0 3734 2203 1394 3435 3835 1492 3465 1849 4050 3662 3947 3931 3187 4474 3812 3650 2772 3234 3589 3220 1593 2231 1827 2141 1465 2595 1993 2593 2835 3257 2540 4189 3440 2848 2541 3267 3176 4148 1955 3191 2945 2664 3437 2353 3178 3649 3090 2675 2744 3097 3021 3500 3420 3462 3757 2916 3817 3389 3358 2925 3145 3064 3910 3385 3806 3004 4872 3839 4920 3526 4535 4099 3870 3772 5058 3885 3052 3716 4840 3034 3839 3031 4582 4568 4122 3311 3944 5107 5245 5483 4829 5740 4289 6096 5019 5483 5309 5034 6349 6046 5960
4192 3543 726 3874 0 3485 2984 4403 3468 4306 2656 2909 5018 5843 4915 4899 4733 6216 4780 4618 3740 4596 4557 4188 3998 3899 4232 3755 3870 3779 4195 4207 4449 4871 4154 5465 4716 4124 3818 4543 4452 5424 2203 3440 3193 3339 2696 1678 3427 4608 4366 3951 4115 4373 4297 4166 4696 4738 5033 4192 5093 4381 4634 4201 4428 4341 5186 4661 5082 4280 6148 5115 6196 4802 5811 5713 5484 5386 6671 5499 4666 5330 4949 4648 5452 4645 6196 6182 5736 4925 5557 6721 6521 6759 6105 7016 5565 7372 6295 6759 6585 6310 7625 7322 7236
2356 1916 3335 2131 3438 0 1075 2929 3329 2280 3225 1558 3544 3156 3441 3425 2681 3968 3306 3144 2266 2728 3083 2714 3195 3488 3429 3178 3067 3642 3401 3666 3908 4330 3577 5272 4476 3931 3589 4350 4259 5335 2987 3594 3977 3712 4113 3385 3251 3903 4276 3866 3570 4283 4208 4274 4607 4648 4840 3999 4900 3030 4544 4111 3910 4191 5097 4572 4993 4190 6058 5025 6106 4712 5722 5172 4943 4845 6130 4958 4125 4789 5913 4107 4911 4104 5655 5641 5195 4384 5016 6180 6432 6670 6016 6927 5476 7283 6206 6670 6496 6221 7536 7233 7147
1422 1441 2999 1299 4291 1135 0 2940 3340 1805 2889 1355 3555 3167 3452 3436 2692 3979 3317 3155 2277 2739 3094 2725 2257 3013 2491 2703 2129 3167 2657 3155 3397 3819 3102 4761 3965 3420 3114 3839 3748 4720 2512 3605 3502 3237 3860 2910 3262 3914 3662 3247 3317 3669 3593 4073 3992 4034 4329 3488 4389 3041 3930 3497 3718 3637 4482 3957 4378 3576 5444 4411 5492 4098 5107 4661 4432 4334 5619 4447 3614 4278 5402 3596 4400 3593 5144 5130 4684 3873 4505 5669 5817 6055 5401 6312 4861 6668 5591 6055 5881 5606 6921 6618 6532
4232 3161 4440 3463 6090 3062 2951 0 3038 3519 3894 2638 2139 1737 2036 2020 1769 2549 1887 1725 1826 1816 1678 1295 4293 4485 4527 4290 4165 4136 4499 4684 4458 4480 4689 4666 4282 3690 3779 4109 4018 4422 4031 3303 3286 3921 3822 4586 2960 2991 3364 2954 2657 3371 3295 3361 3695 3736 4234 3574 4642 2118 3632 3199 2997 3278 4185 3659 4080 3278 5146 4113 5194 3800 4810 5793 6019 5920 6370 6033 5200 5865 6989 5182 5987 4653 6730 6262 6270 5459 6092 7255 5519 5757 5103 6014 4563 6370 5293 5757 5583 5308 6623 6320 6234
4474 3478 2413 3780 3524 3379 3268 3091 0 4024 856 2955 3645 2948 3542 3526 2305 4069 3407 3245 2367 2352 3184 2815 4280 4181 4514 4037 4152 3736 4477 4489 4476 4498 4436 4909 4300 3708 3379 4127 4036 4666 2341 1613 2274 2441 2086 2175 1270 3344 3607 3197 2901 3614 3539 3248 3938 3980 4477 3776 4677 2654 3875 3443 3241 3522 4428 3903 4324 3521 5389 4356 5437 4043 5053 6077 5766 5668 6614 5781 4948 5612 6736 4930 5734 4671 6478 6506 6018 5207 5839 7003 5763 6001 5347 6258 4807 6614 5537 6001 5827 5552 6867 6564 6478
2655 1183 2731 1399 4033 2297 1682 3643 4063 0 3251 2057 4258 3870 4155 4139 3395 4682 4020 3858 2980 3442 3797 3428 2462 2756 2696 2445 2334 2909 2668 2897 3139 3561 2844 4503 3707 3162 2856 3581 3490 4462 2254 3490 3244 2979 3736 2652 3477 3964 3404 2989 3059 3411 3335 3815 3734 3776 4071 3230 4131 3744 3672 3239 3460 3379 4224 3699 4120 3318 5186 4153 5234 3840 4849 4403 4174 4076 5361 4189 3356 4020 5144 3338 4142 3335 4886 4872 4426 3615 4247 5411 5559 5797 5143 6054 4603 6410 5333 5797 5623 5348 6663 6360 6274
3832 3183 1557 3514 2668 3324 2823 3773 812 3168 0 2709 4388 3761 4285 4269 3118 4812 4150 3988 3110 3165 3927 3558 3638 3539 3872 3395 3510 3419 3835 3847 4089 4511 3794 5105 4356 3764 3458 4183 4092 5064 1843 2372 2833 2979 1230 1319 2083 4157 4006 3591 3755 4013 3937 3806 4336 4378 4673 3832 4733 3467 4274 3841 4068 3981 4826 4301 4722 3920 5788 4755 5836 4442 5451 5353 5124 5026 6311 5139 4306 4970 6094 4288 5092 4285 5836 5822 5376 4565 5197 6361 6161 6399 5745 6656 5205 7012 5935 6399 6225 5950 7265 6962 6876
2669 1702 3056 2004 4420 1620 1388 2662 3062 2111 2994 0 3277 2889 3174 3158 2414 3701 3039 2877 1999 2461 2816 2447 2834 3027 3068 2831 2706 3295 3040 3283 3525 3947 3230 4889 4140 3548 3242 3967 3876 4848 2641 3327 3631 3365 3846 3039 2984 3636 3790 3375 3303 3797 3721 4007 4120 4162 4457 3616 4517 2763 4058 3625 3643 3765 4610 4085 4506 3704 5572 4539 5620 4226 5235 4789 4560 4462 5747 4575 3742 4406 5530 3724 4529 3721 5272 5258 4812 4001 4633 5797 5945 6183 5529 6440 4989 6796 5719 6183 6009 5734 7049 6746 6660
4750 3679 4958 3981 5061 3580 3469 2095 3538 4037 4394 3156 0 1948 384 1265 2439 1224 1128 1617 2410 2486 1150 1171 4811 5003 5045 4808 4683 4806 5017 5259 5128 5150 5207 5336 4952 4360 4449 4779 4688 5092 4531 3803 3956 4631 4322 5015 3460 2731 3608 3624 3327 3849 3965 4031 4472 4513 4904 4244 5312 2788 3367 3869 3667 3948 4855 4437 4857 3756 5624 4357 5672 2870 5480 6463 6537 6438 7040 6551 5718 6383 7507 5700 6505 5323 7248 6932 6788 5977 6610 7773 6189 6427 5773 6515 5233 6871 5963 6427 6253 5978 7124 6990 6735
4420 3349 4628 3651 5732 3250 3139 1730 2898 3707 3754 2826 1984 0 1881 1866 1151 2243 1581 583 2064 1198 1574 1013 4481 4541 4715 4374 4353 3518 4687 4066 3840 3862 4773 4048 3664 3072 3161 3491 3400 3804 3673 3163 2668 3303 3683 4228 2820 2373 2746 2336 2039 2753 2677 2743 3077 3118 3616 2956 4024 1500 3014 2581 2379 2661 3567 3041 3462 2660 4528 3495 4576 3182 4192 5176 5617 5519 5753 5632 4917 5463 6587 4899 5585 4035 6329 5645 5869 5058 5690 6854 4902 5140 4486 5397 3946 5753 4676 5140 4966 4691 6006 5703 5617
4665 3594 4873 3896 4976 3495 3384 2010 3453 3952 4309 3071 411 1863 0 1180 2354 888 1043 1532 2325 2401 1065 1086 4726 4918 4960 4723 4598 4850 4932 5398 5172 5194 5122 5251 4996 4404 4493 4823 4732 5136 4446 3718 3913 4546 4237 4930 3375 2395 3573 3667 3371 3814 3880 4067 4408 4449 4819 4287 5356 2703 3332 3912 3711 3992 4898 4244 4665 3721 5589 4322 5637 2835 5408 6507 6452 6353 7084 6466 5633 6298 7422 5615 6420 5367 7163 6976 6703 5892 6525 7688 6104 6471 5688 6728 5277 7084 6007 6471 6168 5893 7337 7034 6650
4715 3644 4923 3946 5026 3545 3434 2060 3503 4002 4359 3121 869 1913 990 0 2404 1930 1268 1582 2375 2451 1115 1136 4776 4968 5010 4773 4648 4517 4982 5065 4839 4861 5172 4901 4663 4071 4160 4490 4399 4657 4496 3768 3921 4302 4287 4980 3425 3437 3066 3284 3292 3307 3530 3996 3930 3971 4469 3893 4877 2753 2875 3434 3348 3913 4420 3895 4315 3214 5082 3815 5130 2551 5045 6029 6502 6403 6606 6516 5683 6348 7472 5665 6470 5034 7213 6498 6753 5942 6575 7738 5755 5993 5339 6126 4799 6606 5529 5993 5819 5544 6859 6556 6470
3891 2972 4251 3274 4841 2873 2762 1922 2362 3330 3218 2449 2687 1420 2584 2568 0 3111 2449 1874 1552 307 2226 1857 3697 3650 3931 3572 3569 2627 3903 3175 2949 2971 3882 3157 2773 2181 2270 2600 2509 2913 2782 2627 1777 2412 3147 3337 2140 1482 1855 1445 1149 1862 1786 1852 2186 2227 2725 2065 3133 609 2123 1690 1489 1770 2676 2150 2571 1769 3637 2604 3685 2291 3301 4285 4726 4628 4862 4741 4026 4572 5696 4008 4694 3144 5438 4754 4978 4167 4799 5963 4011 4249 3595 4506 3055 4862 3785 4249 4075 3800 5115 4812 4726
5318 4146 5425 4448 6181 4047 3936 2562 4005 4504 4861 3623 1275 2256 920 1908 2906 0 655 1925 2877 2953 1617 1479 5124 5077 5358 4910 4996 4054 5330 4602 4376 4398 5309 4583 4200 3608 3697 4027 3936 4340 4122 4270 3117 3839 4789 4677 3927 1599 3281 2871 2575 3288 3213 3271 3612 3653 4151 3491 4560 2834 3105 3116 2915 3196 4102 3577 3998 3195 5063 4030 5111 3194 4727 5711 6153 6055 6288 6168 5453 5999 7123 5435 6121 4571 6865 6180 6405 5594 6226 7390 5437 5675 5021 5932 4481 6288 5211 5675 5501 5226 6541 6238 6152
4561 3490 4769 3792 4872 3391 3280 1906 3349 3848 4205 2967 1371 1600 1338 1252 2250 661 0 1269 2221 2297 961 823 4622 4814 4856 4619 4494 4623 4828 5171 4945 4967 5018 5152 4769 4177 4266 4596 4505 4909 4342 3614 3686 4408 4133 4826 3271 2169 3670 3440 3144 3857 3782 3840 4181 4222 4720 4060 5129 2599 3479 3685 3484 3765 4671 4146 4567 3764 5632 4419 5680 3155 5296 6280 6348 6249 6857 6362 5529 6194 7318 5511 6316 5140 7059 6749 6599 5788 6421 7584 6006 6244 5590 6501 5050 6857 5780 6244 6070 5795 7110 6807 6721
4418 3347 4626 3649 6064 3248 3137 1724 3206 3705 4062 2824 1655 551 1552 1537 1631 1914 1252 0 2078 1678 1245 684 4479 4671 4713 4476 4351 3998 4685 4546 4320 4342 4875 4528 4144 3552 3641 3971 3880 4284 4153 3471 3148 3783 3990 4683 3128 2853 3226 2816 2519 3233 3157 3223 3557 3598 4096 3436 4504 1980 3494 3061 2859 3141 4047 3521 3942 3140 5008 3975 5056 3440 4672 5656 6097 5999 6233 6112 5386 6051 7067 5368 6065 4515 6809 6125 6349 5645 6170 7334 5382 5620 4966 5877 4426 6233 5156 5620 5446 5171 6486 6183 6097
3687 2616 3895 2918 5446 2518 2406 1850 2394 2974 3250 2093 2416 2028 2313 2297 1431 2840 2178 2016 0 1479 1955 1586 3748 3940 3982 3745 3620 3799 3954 4196 4121 4143 4144 4328 3945 3353 3442 3772 3681 4085 3387 2659 2948 3487 3178 3942 2316 2653 3026 2616 2320 3033 2958 3024 3357 3399 3896 3236 4305 1781 3294 2862 2660 2941 3847 3322 3743 2940 4808 3775 4856 3462 4472 5456 5474 5375 6033 5488 4655 5320 6444 4637 5442 4316 6185 5925 5725 4914 5547 6710 5182 5420 4766 5677 4226 6033 4956 5420 5246 4971 6286 5983 5897
3622 3021 4038 3323 4571 2922 2811 1972 2412 3379 3268 2498 2737 1470 2634 2618 359 2820 2499 1924 1602 0 2276 1907 3428 3381 3662 3214 3300 2358 3634 2906 2680 2702 3613 2887 2504 1912 2001 2331 2240 2644 2512 2282 1507 2143 2802 3067 1870 1212 1585 1175 879 1592 1517 1583 1916 1958 2455 1795 2864 339 1853 1420 1219 1500 2406 1881 2302 1499 3367 2334 3415 2021 3031 4015 4457 4359 4592 4472 3757 4303 5427 3739 4425 2875 5169 4484 4709 3898 4530 5694 3741 3979 3325 4236 2785 4592 3515 3979 3805 3530 4845 4542 4456
4390 3319 4598 3621 6036 3220 3109 1735 3178 3677 4034 2796 1230 1631 1127 1111 2079 1648 986 1300 2050 2126 0 854 4451 4643 4685 4448 4323 4446 4657 4899 4768 4790 4847 4976 4592 4000 4089 4419 4328 4732 4171 3443 3596 4271 3962 4655 3100 3155 3529 3264 2967 3681 3605 3671 4005 4046 4544 3884 4952 2428 3338 3509 3307 3588 4495 3969 4390 3588 5456 4278 5504 3014 5120 6103 6177 6078 6680 6191 5358 6023 7147 5340 6145 4963 6888 6572 6428 5617 6250 7413 5829 6067 5413 6155 4873 6511 5603 6067 5893 5618 6764 6630 6375
4096 3025 4304 3327 5742 2926 2815 1402 2884 3383 3740 2502 1078 1009 975 960 1785 1337 675 678 1756 1832 668 0 4157 4349 4391 4154 4029 4152 4363 4605 4474 4496 4553 4682 4298 3706 3795 4125 4034 4438 3877 3149 3302 3977 3668 4361 2806 2844 3378 2970 2673 3387 3311 3377 3711 3752 4250 3590 4658 2134 3187 3215 3013 3294 4201 3675 4096 3294 5162 4127 5210 2863 4826 5809 5883 5784 6386 5897 5064 5729 6853 5046 5851 4669 6594 6278 6134 5323 5956 7119 5535 5773 5119 6030 4579 6386 5309 5773 5599 5324 6639 6336 6250
1450 1491 2720 1594 3825 3233 2348 4316 4264 2590 3600 2731 4931 4543 4828 4812 3655 5171 4693 4531 3653 3519 4470 4101 0 2145 517 2055 684 2509 1615 2507 2749 3171 2454 4103 3354 2762 2455 3181 3090 4062 2046 3282 3036 2578 3528 2444 3269 3563 3004 2589 2658 3011 2935 3414 3334 3376 3671 2830 3731 3303 3272 2839 3059 2978 3824 3299 3720 2918 4786 3753 4834 3440 4449 4013 3784 3686 4972 3799 2966 3630 4754 2948 3753 2945 4496 4482 4036 3225 3858 5021 5159 5397 4743 5654 4203 6010 4933 5397 5223 4948 6263 5960 5874
2179 1658 2887 2123 3710 3467 2852 4402 4149 2756 3485 2817 5017 4629 4914 4898 3568 5084 4779 4617 3739 3432 4556 4187 1985 0 2134 1679 1857 2421 1675 2131 2373 2795 2078 4015 2941 2674 2368 3093 3002 3974 1931 3167 2921 2491 3413 2329 3154 3476 2916 2501 2571 2923 2847 3327 3246 3288 3583 2742 3643 3216 3184 2751 2972 2891 3736 3211 3632 2830 4698 3665 4746 3352 4361 3637 3408 3310 4595 3423 2590 3254 4378 2572 3376 2569 4120 4106 3660 2849 3481 4645 5071 5309 4655 5566 4115 5922 4845 5309 5135 4860 6175 5710 5786
1946 1697 2926 1800 4031 3439 2554 4522 4470 2796 3806 2937 5137 4749 5034 5018 3861 5377 4899 4737 3859 3725 4676 4307 534 2283 0 2261 1058 2715 1359 2713 2955 3377 2660 4309 3560 2968 2661 3387 3296 4268 2252 3488 3242 2784 3734 2650 3475 3769 3210 2795 2864 3217 3141 3620 3540 3582 3877 3036 3937 3509 3478 3045 3265 3184 4030 3505 3926 3124 4992 3959 5040 3646 4655 4219 3990 3892 5178 4005 3172 3836 4960 3154 3959 3151 4702 4688 4242 3431 4064 5227 5365 5603 4949 5860 4409 6216 5139 5603 5429 5154 6469 6166 6080
2264 1739 2967 2173 3679 3316 2701 4314 4118 2605 3454 2729 4929 4541 4826 4810 3452 4968 4691 4529 3651 3316 4468 4099 2070 1771 2304 0 1942 1625 2276 1258 1500 1375 1196 2673 1520 1581 2031 1774 1553 2753 1900 3136 2890 2422 3382 2298 3123 3360 2800 2385 2455 2807 2731 3268 2920 3172 2241 2158 2301 3100 3068 2635 2856 2832 3427 3095 3040 2714 4582 3549 4630 3236 4052 2764 2535 2437 3722 2550 1717 2381 3505 1699 2503 1696 3247 3233 2787 1976 2608 3772 4735 4973 4199 5230 3894 5586 4509 4973 4799 4524 5839 4837 5450
1322 1260 2489 1363 3594 3002 2117 4085 4033 2359 3369 2500 4700 4312 4597 4581 3424 4940 4462 4300 3422 3288 4239 3870 685 1914 1033 1824 0 2278 1399 2276 2518 2940 2223 3872 3123 2531 2224 2950 2859 3831 1815 3051 2805 2347 3297 2213 3038 3332 2773 2358 2427 2780 2704 3183 3103 3145 3440 2599 3500 3072 3041 2608 2828 2747 3593 3068 3489 2687 4555 3522 4603 3209 4218 3782 3553 3455 4741 3568 2735 3399 4523 2717 3522 2714 4265 4251 3805 2994 3627 4790 4928 5166 4512 5423 3972 5779 4702 5166 4992 4717 6032 5729 5643
2639 2125 3180 2583 3713 3702 3087 4150 3739 2991 3366 3116 4915 3647 4889 4416 2537 4053 4624 4101 3779 2401 4454 4085 2445 2398 2679 1622 2317 0 2651 1571 1345 1367 2612 2322 1169 1052 405 1423 1202 2402 1811 2757 2384 1441 3250 2210 2744 2445 1885 1470 1540 1892 1816 2278 2215 2257 1890 1476 1950 2185 2153 1720 1941 1842 2705 2180 2601 1799 3667 2634 3715 2321 3330 2946 3122 3024 4309 3137 2422 2968 4092 2404 3090 1540 3834 3415 3374 2563 3195 4359 4040 4278 3624 4535 3084 4891 3814 4278 4104 3829 5144 4841 4755
1983 1623 2852 1927 3957 3432 2681 4448 4396 2722 3732 2863 5063 4675 4960 4944 3787 5303 4825 4663 3785 3651 4602 4233 1552 1808 1367 2187 1433 2641 0 2639 2881 3303 2472 4235 3486 2894 2587 3313 3222 4194 2178 3414 3168 2710 3660 2576 3401 3695 3136 2721 2790 3143 3067 3546 3466 3508 3803 2962 3863 3435 3404 2971 3191 3110 3956 3431 3852 3050 4918 3885 4966 3572 4581 4145 3916 3818 5104 3931 2785 3762 4886 2919 3885 3077 4628 4614 4168 3357 3990 5153 5291 5529 4875 5786 4335 6142 5065 5529 5355 5080 6395 6092 6006
2683 2157 3385 2591 4097 3734 3119 4670 4536 3023 3872 3148 5348 4167 5409 4936 3057 4573 5144 4621 4070 2921 4887 4518 2489 2189 2723 1254 2361 1594 2695 0 495 927 1254 2278 1063 1186 1884 1379 1159 2358 2318 3554 2904 2368 3800 2716 3541 2965 2405 1990 2060 2412 2336 2873 2525 2777 1846 1763 1906 2705 2673 2240 2461 2437 3032 2700 2645 2319 4187 3154 4235 2841 3657 2029 1800 1702 2987 1815 1100 1646 2770 1082 1768 691 2512 2498 2052 1241 1873 3037 4340 4578 3464 4835 3017 5191 4114 4578 4404 4129 5444 4102 5055
2917 2391 3619 2825 4331 3968 3353 4438 4435 3257 4106 3382 5203 3935 5177 4704 2825 4341 4912 4389 4067 2689 4742 4373 2723 2423 2957 1637 2595 1362 2929 482 0 695 1488 2046 831 954 1652 1147 927 2126 2552 3453 2672 2136 3946 2950 3439 2733 2173 1758 1828 2180 2104 2641 2293 2545 1614 1531 1674 2473 2441 2008 2229 2205 2800 2468 2413 2087 3955 2922 4003 2609 3425 2295 2034 1936 3221 2049 1334 1880 3004 1316 2002 293 2746 2764 2286 1475 2107 3271 4108 4346 3698 4603 2961 4959 3882 4346 4172 3897 5212 4336 4823
3286 2761 3989 3195 4701 4338 3723 4474 4471 3627 4423 3751 5239 3971 5213 4740 2861 4377 4948 4425 4103 2725 4778 4409 3092 2793 3326 1406 2964 1398 3298 956 731 0 1858 2082 867 990 1688 1183 963 2162 2868 3489 2708 2172 3982 3267 3475 2769 2209 1794 1864 2216 2140 2677 2329 2581 1650 1567 1710 2509 2477 2044 2265 2241 2836 2504 2449 2123 3991 2958 4039 2645 3461 2319 2508 2410 3695 2523 1808 2354 3478 1790 2476 926 3220 2788 2760 1949 2581 3745 4144 4382 3728 4639 2985 4995 3918 4382 4208 3933 5248 4810 4859
2581 2056 3284 2490 3996 3633 3018 4631 4435 2922 3771 3046 5246 4858 5143 5127 3816 5332 5008 4846 3968 3680 4785 4416 2387 2088 2621 1158 2259 2631 2451 1254 1496 1918 0 3279 2064 2187 2616 2380 2160 3359 2217 3453 3207 2739 3699 2615 3440 3724 3165 2750 2819 3172 3096 3575 3495 3537 2847 2764 2907 3464 3433 3000 3220 3139 3985 3460 3646 3079 4947 3914 4995 3601 4610 2760 2531 2433 3718 2546 1435 2377 3501 1218 2499 1692 3243 3229 2783 1972 2604 3768 5320 5558 4195 5815 3748 6171 5094 5558 5384 5109 6424 4833 6035
4188 3674 4775 4108 5308 5251 4653 4737 4914 4540 4961 4665 5488 4234 5476 4840 3124 4640 5211 4688 4366 2988 5041 4672 3994 3947 4228 2690 3866 2349 4200 2293 2067 2089 3298 0 1792 1528 2283 1043 1627 1280 3406 4027 2971 2710 4520 3805 3861 3032 2309 1994 2127 2307 1613 2920 1266 1721 446 1513 829 2772 2578 1977 2506 2599 1773 1800 1162 2224 3960 3058 4008 2745 2398 1569 4077 3758 4147 2504 3144 3675 4799 3126 3850 2262 4541 2038 4081 2043 3902 5066 3081 3319 2665 3576 2235 3932 2855 3319 3145 2870 4185 3882 3796
3475 2961 4062 3395 4595 4538 3940 4299 4296 3827 4248 3952 5064 3796 5038 4565 2686 4202 4773 4250 3928 2550 4603 4234 3281 3017 3515 1564 3153 1223 3487 1076 850 873 2082 1760 0 815 1513 1008 787 2041 2693 3314 2533 1997 3807 3092 3300 2594 2034 1619 1689 2041 1965 2502 2208 2406 1529 1392 1589 2334 2302 1869 2090 2066 2715 2329 2328 1948 3816 2783 3864 2470 3340 2452 2628 2530 3815 2643 1928 2474 3598 1910 2596 1045 3340 2921 2880 2069 2701 3865 4023 4261 3607 4518 3118 4874 3797 4261 4087 3812 5127 4824 4738
2847 2333 3434 2767 3967 3910 3295 3671 3668 3199 3620 3324 4436 3168 4410 3937 2058 3574 4145 3622 3300 1922 3975 3606 2653 2606 2887 1585 2525 1051 2859 1188 962 984 2193 1512 786 0 942 613 522 1592 2065 2686 1905 1369 3179 2464 2672 1966 1406 991 1061 1413 1337 1874 1736 1778 1080 764 1140 1706 1674 1241 1462 1438 2226 1701 1879 1320 3188 2155 3236 1842 2851 2563 2739 2641 3926 2754 2039 2585 3709 2021 2707 1157 3451 3032 2991 2180 2812 3976 3561 3799 3145 4056 2605 4412 3335 3799 3625 3350 4665 4362 4276
2606 2092 3193 2526 3726 3669 3054 3812 3401 2958 3379 3083 4577 3309 4551 4078 2199 3715 4286 3763 3441 2063 4116 3747 2412 2365 2646 2036 2284 414 2618 1884 1658 1680 2597 2388 1482 996 0 1489 1398 2482 1824 2419 2046 1103 2912 2223 2406 2107 1547 1132 1202 1554 1478 1940 1877 1919 1970 1129 2030 1847 1815 1382 1603 1504 2367 1842 2263 1461 3329 2296 3377 1983 2992 3259 3435 3337 4553 3450 2735 3281 4405 2717 3403 1853 4147 3728 3687 2876 3508 4672 3702 3940 3286 4197 2746 4553 3476 3940 3766 3491 4806 4503 4417
3296 2782 3883 3216 4416 4359 3744 4120 4117 3648 4069 3773 4885 3617 4859 4386 2507 4023 4594 4071 3749 2371 4424 4055 3102 3055 3336 1798 2974 1457 3308 1401 1175 1197 2406 1028 999 636 1391 0 735 1108 2514 3135 2354 1818 3628 2913 3121 2415 1855 1440 1510 1862 1622 2323 1275 1730 596 889 656 2155 2123 1690 1911 1887 1782 1809 1395 1769 3637 2604 3685 2291 2407 2496 2952 2854 3941 2967 2252 2798 3922 2234 2920 1370 3664 2965 3204 2393 3025 4189 3090 3328 2674 3585 2134 3941 2864 3328 3154 2879 4194 3891 3805
3166 2652 3753 3086 4286 4229 3614 3990 3987 3518 3939 3643 4755 3487 4729 4256 2377 3893 4464 3941 3619 2241 4294 3925 2972 2925 3206 1536 2844 1195 3178 1139 913 935 2144 1598 737 506 1261 699 0 1678 2384 3005 2224 1688 3498 2783 2991 2285 1725 1310 1380 1732 1656 2193 1845 2097 1166 1083 1226 2025 1993 1560 1781 1757 2352 2020 1965 1639 3507 2474 3555 2161 2977 2514 2690 2592 3877 2705 1990 2536 3660 1972 2658 1108 3402 2983 2942 2131 2763 3927 3660 3898 3244 4155 2704 4511 3434 3898 3724 3449 4764 4461 4375
4220 3706 4807 4140 5340 5283 4685 4490 4667 4572 4993 4697 5241 3987 5229 4593 2877 4393 4964 4441 4119 2741 4794 4425 4026 3979 4260 2766 3898 2425 4232 2369 2143 2165 3374 1273 2046 1604 2359 1120 1703 0 3438 3930 2724 2741 4422 3837 3614 2785 2062 1747 1880 2060 1325 2673 1520 1262 841 1590 489 2525 2331 1564 2259 2352 2027 1849 1640 1977 3713 2811 3761 2498 2652 2741 3920 3822 4186 3676 3220 3766 4890 3202 3888 2338 4632 3210 4172 3215 3993 5157 3335 3573 2919 3830 2379 4186 3109 3573 3399 3124 4439 4136 4050
2228 1579 1621 1910 2154 3053 2438 4052 2396 2342 1806 2467 4667 3817 4564 4548 2707 4190 4429 4267 3389 2570 4206 3837 2034 1935 2268 1791 1906 1814 2231 2243 2485 2907 2190 3500 2751 2159 1853 2578 2487 3459 0 1414 1168 1313 1734 650 1401 2582 2401 1986 2090 2408 2332 2141 2731 2773 3068 2227 3128 2355 2669 2236 2403 2376 3221 2696 3117 2315 4183 3150 4231 2837 3846 3749 3520 3422 4707 3535 2702 3366 4490 2684 3488 2681 4232 4218 3772 2961 3593 4757 4556 4794 4140 5051 3600 5407 4330 4794 4620 4345 5660 5357 5271
3468 2819 2684 3150 3394 3623 3512 3335 1591 3582 2315 3199 3889 3192 3786 3770 2476 4291 3651 3489 2611 2340 3428 3059 3274 3175 3508 3031 3146 2729 3471 3483 3469 3491 3430 4042 3293 2701 2372 3120 3029 3928 1335 0 1268 1434 1126 1890 596 2683 2869 2459 2191 2876 2801 2242 3200 3241 3610 2769 3670 2124 3137 2704 2503 2656 3690 3165 3586 2783 4651 3618 4699 3305 4315 4989 4760 4662 5876 4775 3942 4606 5730 3924 4728 3664 5472 5539 5012 4201 4833 5997 5025 5263 4609 5520 4069 5876 4799 5263 5089 4814 6129 5826 5740
3233 2584 2626 2915 3159 4058 3443 3236 2283 3347 2811 3472 4001 2734 3943 3882 1624 3107 3678 3188 2866 1487 3540 3171 3039 2940 3273 2796 2911 2491 3236 3006 2780 2802 3195 2987 2604 2012 2134 2431 2340 2744 1100 1301 0 1195 1793 1655 1287 1499 1685 1275 1007 1692 1617 1058 2016 2057 2555 1895 2964 1272 1953 1520 1319 1463 2506 1981 2402 1599 3467 2434 3515 2121 3131 4115 4525 4427 4692 4540 3707 4371 5495 3689 4493 2975 5237 4584 4777 3966 4598 5762 3841 4079 3425 4336 2885 4692 3615 4079 3905 3630 4945 4642 4556
2714 2200 2736 2634 3269 3777 3162 3908 2398 3066 2921 3191 4673 3405 4647 4174 2295 3811 4382 3859 3418 2159 4212 3843 2520 2473 2754 2306 2392 1430 2726 2395 2169 2191 2705 2742 1993 1401 1073 1820 1729 2701 1210 1416 1170 0 1909 1765 1403 2203 1643 1228 1298 1650 1574 1791 1973 2015 2310 1469 2370 1943 1911 1478 1699 1356 2463 1938 2359 1557 3425 2392 3473 2079 3088 3770 3946 3848 4649 3961 3217 3792 4916 3199 3914 2364 4658 4239 4198 3387 4019 5183 3798 4036 3382 4293 2842 4649 3572 4036 3862 3587 4902 4599 4513
3605 2956 1558 3287 2611 4156 3816 3868 2001 3719 1189 3741 4422 3725 4319 4303 3009 4802 4184 4022 3144 2873 3961 3592 3411 3312 3645 3168 3283 3241 3608 3620 3862 4003 3567 4554 3805 3213 2884 3632 3541 4439 1616 1142 1779 1946 0 984 1129 3194 3380 2970 2702 3387 3312 2753 3711 3752 4122 3281 4182 2657 3648 3215 3014 3167 4201 3676 4097 3294 5162 4129 5210 3816 4826 5126 4897 4799 6084 4912 4079 4743 5867 4061 4865 4058 5609 5595 5149 4338 4970 6134 5536 5774 5120 6031 4580 6387 5310 5774 5600 5325 6640 6337 6251
2665 2016 1116 2347 1649 3490 2875 4489 2113 2779 1301 2904 5104 4316 5001 4985 3206 4689 4866 4704 3826 3069 4643 4274 2471 2372 2705 2228 2343 2252 2668 2680 2922 3344 2627 3938 3189 2597 2291 3016 2925 3897 676 1913 1666 1812 1113 0 1900 3081 2839 2424 2588 2846 2770 2639 3169 3211 3506 2665 3566 2854 3107 2674 2901 2814 3659 3134 3555 2753 4621 3588 4669 3275 4284 4186 3957 3859 5144 3972 3139 3803 4927 3121 3925 3118 4669 4655 4209 3398 4030 5194 4994 5232 4578 5489 4038 5845 4768 5232 5058 4783 6098 5795 5709
3457 2808 2673 3139 3383 3286 3175 2998 1254 3571 2110 2862 3552 2855 3449 3433 2065 3892 3314 3152 2274 1929 3091 2722 3263 3164 3497 3020 3135 2718 3460 3472 3458 3480 3419 3849 3282 2690 2361 3109 3018 3606 1324 595 1257 1423 1115 1879 0 2284 2547 2137 1841 2554 2479 2231 2878 2920 3417 2757 3826 1713 2815 2383 2181 2462 3368 2843 3264 2461 4329 3296 4377 2983 3993 5059 4749 4651 5554 4764 3931 4595 5719 3913 4717 3653 5461 5446 5001 4190 4822 5986 4703 4941 4287 5198 3747 5554 4477 4941 4767 4492 5807 5504 5418
3718 3204 4048 3638 4581 4146 4035 3195 3373 4070 4233 3722 2799 2693 2444 3432 1583 1608 2179 3147 2825 1446 3141 3003 3524 3477 3758 3310 3396 2454 3730 3002 2776 2798 3709 2983 2600 2008 2097 2427 2336 2740 2522 2723 1517 2239 3215 3077 2320 0 1681 1271 975 1688 1613 1671 2012 2053 2551 1891 2960 1234 1505 1516 1315 1596 2502 1977 2398 1595 3463 2430 3511 1704 3127 4111 4553 4455 4688 4568 3853 4399 5523 3835 4521 2971 5265 4580 4805 3994 4626 5790 3837 4075 3421 4332 2881 4688 3611 4075 3901 3626 4941 4638 4552
3127 2613 3714 3047 4247 4190 3575 3396 3574 3479 3900 3604 3627 2894 3540 2979 1783 3299 3618 3348 3026 1647 3465 3331 2933 2886 3167 2808 2805 1863 3139 2411 2185 2207 3118 2247 2009 1417 1506 1836 1745 2003 2345 2837 1631 1648 3329 2744 2521 1691 0 630 787 680 876 1580 1276 1317 1815 1239 2223 1431 716 780 670 1255 1766 1241 1661 296 2455 953 2503 883 2391 3375 3962 3864 3952 3977 3262 3808 4932 3244 3930 2380 4674 3844 4214 3403 4035 5199 3101 3339 2685 3596 2145 3952 2875 3339 3165 2890 4205 3902 3816
2761 2247 3348 2705 3881 3824 3209 3030 3208 3113 3534 3238 3795 2528 3770 3175 1417 2934 3505 2982 2660 1281 3334 2965 2567 2520 2801 2442 2439 1497 2773 2045 1819 1841 2752 1985 1643 1051 1140 1470 1379 1741 1979 2471 1265 1282 2963 2378 2155 1326 644 0 421 652 614 1214 1014 1055 1553 779 1885 1066 913 518 738 771 1504 979 1399 559 2427 1393 2475 1080 2129 3113 3596 3498 3690 3611 2896 3442 4566 2878 3564 2014 4308 3582 3848 3037 3669 4833 2839 3077 2423 3334 1883 3690 2613 3077 2903 2628 3943 3640 3554
2895 2381 3485 2839 4018 3670 3343 2720 2897 3247 3670 3246 3485 2217 3459 3366 1107 2623 3194 2671 2349 971 3024 2655 2701 2654 2935 2576 2573 1631 2907 2179 1953 1975 2886 2160 1777 1185 1274 1604 1513 1917 1959 2160 954 1416 2652 2514 1844 1015 858 448 0 865 790 903 1189 1230 1728 1068 2137 755 1126 694 462 727 1679 1154 1575 772 2640 1607 2688 1294 2304 3288 3730 3632 3865 3745 3030 3576 4700 3012 3698 2148 4442 3757 3982 3171 3803 4967 3014 3252 2598 3509 2058 3865 2788 3252 3078 2803 4118 3815 3729
3182 2668 3769 3102 4302 4245 3630 3451 3629 3534 3955 3659 3899 2949 3813 3251 1838 3354 3890 3403 3081 1702 3737 3386 2988 2941 3222 2863 2860 1918 3194 2466 2240 2262 3173 2272 2064 1472 1561 1891 1800 2092 2400 2892 1686 1703 3384 2799 2576 1746 665 685 842 0 946 1635 1302 1343 1840 1294 2312 1486 989 835 950 1314 1792 985 1687 490 1774 1469 1822 1156 2417 3400 4017 3919 3977 4032 3317 3863 4987 3299 3985 2435 4729 3869 4269 3458 4090 5254 3126 3364 2710 3621 2170 3977 2900 3364 3190 2915 4230 3927 3841
3076 2562 3663 2996 4196 4139 3524 3345 3523 3428 3849 3553 4110 2843 4084 3449 1732 3248 3819 3297 2975 1596 3649 3280 2882 2835 3116 2668 2754 1812 3088 2360 2134 2156 3067 1655 1958 1366 1455 1684 1694 1276 2294 2786 1580 1597 3278 2693 2470 1640 918 603 736 907 0 1529 684 747 1223 1079 1496 1381 1187 473 1115 1208 1174 748 1069 833 2560 1667 2608 1354 1799 2783 3911 3813 3360 3718 3211 3757 4881 3193 3879 2329 4623 3252 4163 3257 3984 5148 2509 2747 2093 3004 1553 3360 2283 2747 2573 2298 3613 3310 3224
3574 3060 3594 3494 4127 4338 4022 3388 3251 3926 3779 3914 4153 2886 4104 4034 1775 3268 3839 3340 3017 1639 3692 3323 3380 3333 3614 3166 3252 2290 3586 3011 2785 2807 3565 2945 2609 2017 1933 2436 2345 2702 2067 2269 1063 1815 2761 2623 2255 1660 1643 1275 965 1650 1575 0 1974 2015 2513 1853 2922 1423 1911 1478 1277 515 2464 1939 2360 1557 3425 2392 3473 2079 3089 4073 4562 4464 4650 4577 3862 4408 5532 3844 4530 2980 5274 4542 4814 4003 4635 5799 3799 4037 3383 4294 2843 4650 3573 4037 3863 3588 4903 4600 4514
3629 3115 4216 3549 4749 4849 4077 3899 4076 3981 4402 4106 4664 3397 4638 4002 2286 3802 4373 3851 3528 2150 4203 3834 3435 3388 3669 3080 3307 2365 3641 2683 2457 2479 3620 1405 2360 1919 2008 1434 2017 1671 2847 3339 2133 2150 3831 3246 3023 2194 1471 1156 1289 1469 774 2082 0 884 973 1765 1220 1934 1740 1138 1668 1761 860 962 612 1386 3122 2220 3170 1907 1485 2362 4234 4136 2939 3297 3534 4080 4975 3516 4202 2652 4936 2831 4475 2836 4055 5461 2088 2326 1672 2583 1132 2939 1862 2326 2152 1877 3192 2889 2803
3519 3005 4106 3439 4639 4582 3967 3789 3966 3871 4292 3996 4554 3286 4528 3892 2176 3692 4263 3740 3418 2040 4093 3724 3325 3278 3559 3111 3197 2255 3531 2803 2577 2599 3510 1742 2401 1809 1898 1771 2137 1275 2737 3229 2023 2040 3721 3136 2913 2084 1361 1046 1179 1359 664 1972 770 0 1310 1655 1496 1824 1630 1028 1558 1651 1260 835 1156 1276 3012 2110 3060 1797 1885 2869 4354 4256 3446 3804 3654 4200 5482 3636 4322 2772 5066 3338 4606 3343 4562 5591 2595 2833 2179 3090 1639 3446 2369 2833 2659 2384 3699 3396 3310
3742 3228 4329 3662 4862 4805 4190 4291 4468 4094 4515 4219 5042 3788 5030 4394 2678 4194 4765 4242 3920 2542 4595 4226 3548 3501 3782 2244 3420 1903 3754 1847 1621 1643 2852 432 1524 1082 1837 597 1181 834 2960 3581 2525 2264 4074 3359 3415 2586 1863 1548 1681 1861 1167 2474 820 1275 0 1067 383 2326 2132 1531 2060 2153 1327 1354 940 1778 3514 2612 3562 2299 1952 1899 3398 3300 3486 2834 2698 3244 4368 2680 3366 1816 4110 2368 3650 2373 3471 4635 2635 2873 2219 3130 1679 3486 2409 2873 2699 2424 3739 3436 3350
2954 2440 3541 2874 4074 4017 3402 3603 3781 3306 3727 3431 4368 3101 4343 3789 1990 3507 4078 3555 3233 1854 3907 3538 2760 2713 2994 2166 2632 1460 2966 1769 1543 1565 2774 1478 1367 775 1113 872 1103 1558 2172 2793 1838 1476 3286 2571 2728 1899 1258 773 994 1266 1147 1787 1628 1669 1046 0 1106 1639 1527 922 1373 1466 2118 1593 1845 1173 3041 2007 3089 1694 2743 2946 3320 3222 4304 3335 2620 3166 4290 2602 3288 1738 4032 3415 3572 2761 3393 4557 3453 3691 3037 3948 2497 4304 3227 3691 3517 3242 4557 4254 4168
3839 3325 4426 3759 4959 4902 4304 4566 4660 4191 4612 4316 5317 4063 5305 4669 2953 4469 5040 4517 4195 2817 4870 4501 3645 3598 3879 2341 3517 2000 3851 1944 1718 1740 2949 848 1621 1179 1934 695 1278 493 3057 3678 2800 2361 4171 3456 3664 2861 2138 1938 1956 2136 1567 2749 1095 1504 416 1165 0 2601 2407 1806 2335 2430 1602 1629 1215 2053 3789 3053 3837 2740 2227 2316 3495 3397 3761 3251 2795 3341 4465 2777 3463 1913 4207 2785 3747 2790 3568 4732 2910 3148 2494 3405 1954 3761 2684 3148 2974 2699 4014 3711 3625
3705 3225 4122 3527 4655 3126 3015 2175 2615 3583 3471 2702 2940 1673 2837 2821 563 2855 2702 2127 1805 427 2479 2110 3511 3464 3745 3297 3383 2441 3717 2989 2763 2785 3696 2971 2587 1995 2084 2414 2323 2727 2596 2365 1591 2226 2885 3151 1953 1247 1669 1259 962 1676 1600 1666 1999 2041 2539 1879 2947 0 1937 1504 1302 1583 2489 1964 2385 1583 3451 2418 3499 2105 3114 4098 4540 4442 4675 4555 3840 4386 5510 3822 4508 2958 5252 4567 4792 3981 4613 5777 3824 4062 3408 4319 2868 4675 3598 4062 3888 3613 4928 4625 4539
3456 2942 4043 3376 4576 4519 3904 3725 3903 3808 4229 3933 3443 3223 3377 2795 2112 3168 3434 3677 3355 1976 3281 3302 3262 3215 3496 3048 3134 2192 3468 2740 2514 2536 3447 2576 2338 1746 1835 2165 2074 2332 2674 3166 1960 1977 3658 3073 2850 1560 742 959 1116 982 1205 1909 1605 1646 2144 1568 2552 1760 0 1109 1024 1588 2095 1570 1990 889 2757 1491 2805 720 2720 3704 4291 4193 4281 4306 3591 4137 5261 3573 4259 2709 5003 4173 4543 3732 4364 5528 3430 3668 3014 3925 2474 4281 3204 3668 3494 3219 4534 4231 4145
2970 2456 3557 2890 4090 4190 3418 3240 3417 3322 3743 3447 4005 2737 3979 3386 1627 3143 3714 3191 2869 1491 3544 3175 2776 2729 3010 2651 2648 1706 2982 2254 2028 2050 2961 2004 1852 1260 1349 1679 1588 1605 2188 2680 1474 1491 3172 2587 2364 1535 855 540 630 863 547 1423 1033 1097 1572 918 1825 1275 1124 0 1009 1102 1523 1026 1418 770 2638 1604 2686 1291 2148 3132 3805 3707 3709 3820 3105 3651 4775 3087 3773 2223 4517 3601 4057 3246 3878 5042 2858 3096 2442 3353 1902 3709 2632 3096 2922 2647 3962 3659 3573
3359 2845 3870 3279 4403 4083 3807 3133 3311 3711 4055 3659 3953 2631 3598 3586 1520 2762 3333 3085 2762 1384 3437 3068 3165 3118 3399 2951 3037 2095 3371 2643 2417 2439 3350 2624 2241 1649 1738 2068 1977 2381 2343 2545 1339 1880 3037 2899 2258 1154 1024 912 616 1252 1254 1288 1653 1694 2192 1532 2601 1168 1323 1157 0 1320 2143 1618 2039 1159 3027 1773 3075 1490 2768 3752 4194 4096 4329 4209 3494 4040 5164 3476 4162 2612 4906 4221 4446 3635 4267 5431 3478 3716 3062 3973 2522 4329 3252 3716 3542 3267 4582 4279 4193
3134 2620 3721 3054 4254 4264 3582 3313 3491 3486 3907 3611 4078 2811 4053 3815 1700 3217 3788 3265 2943 1564 3617 3248 2940 2893 3174 2726 2812 1850 3146 2571 2345 2367 3125 2586 2169 1577 1493 1996 1905 2342 2352 2668 1462 1375 3160 2751 2438 1609 1296 761 707 1291 1215 508 1615 1656 2154 1531 2562 1349 1552 1119 995 0 2105 1580 2001 1198 3066 2045 3114 1720 2730 3714 4122 4024 4291 4137 3422 3968 5092 3404 4090 2540 4834 4183 4374 3563 4195 5359 3440 3678 3024 3935 2484 4291 3214 3678 3504 3229 4544 4241 4155
3987 3473 4574 3907 5107 5050 4452 4257 4434 4339 4760 4464 5022 3755 4996 4360 2644 4160 4731 4209 3886 2508 4561 4192 3793 3746 4027 3441 3665 2723 3999 3044 2818 2840 3978 1766 2642 2277 2366 1795 2378 2032 3205 3697 2491 2508 4189 3604 3381 2552 1829 1514 1647 1827 1132 2440 718 1242 1334 2123 1581 2292 2098 1496 2026 2119 0 1320 1203 1744 3480 2578 3528 2265 656 2953 4595 4497 3530 3888 3895 4441 5566 3877 4563 3013 5527 3422 5066 3427 4646 6052 2679 2917 2263 3174 1723 3530 2453 2917 2743 2468 3783 3480 3394
3358 2844 3945 3278 4478 4578 3806 3628 3806 3710 4131 3835 4393 3126 4367 3731 2015 3531 4102 3580 3257 1879 3932 3563 3164 3117 3398 3039 3036 2094 3370 2642 2416 2438 3349 1761 2240 1648 1737 1790 1976 1799 2576 3068 1862 1879 3560 2975 2753 1923 1200 885 1018 886 710 1811 790 895 1329 1494 1576 1663 1469 895 1397 1490 1280 0 1175 1115 2495 1949 2543 1636 1905 2889 4193 4095 3466 3824 3493 4039 5163 3475 4161 2611 4905 3358 4445 3363 4266 5430 2615 2853 2199 3110 1659 3466 2389 2853 2679 2404 3719 3416 3330
3863 3349 4450 3783 4983 4926 4311 4133 4310 4215 4636 4340 4898 3630 4872 4236 2520 4036 4607 4084 3762 2384 4437 4068 3669 3622 3903 3100 3541 2599 3875 2703 2477 2499 3708 1161 2380 1938 2242 1454 2037 1691 3081 3573 2367 2384 4065 3480 3257 2428 1705 1390 1523 1703 1009 2316 527 1117 993 1924 1240 2168 1974 1373 1902 1995 1224 1196 0 1620 3356 2454 3404 2141 1849 2589 4254 4156 3166 3524 3554 4100 5202 3536 4222 2672 5163 3058 4702 3063 4282 5688 2315 2553 1899 2810 1359 3166 2089 2553 2379 2104 3419 3116 3030
3129 2615 3716 3049 4249 4348 3577 3398 3576 3481 3902 3606 3847 2896 3761 3199 1785 3301 3838 3350 3028 1649 3685 3333 2935 2888 3169 2810 2807 1865 3141 2413 2187 2209 3120 2249 2011 1419 1508 1838 1747 2005 2347 2839 1633 1650 3331 2746 2523 1693 315 632 789 522 878 1582 1278 1319 1817 1241 2225 1433 937 782 897 1261 1768 1243 1663 0 2297 1077 2345 1104 2393 3377 3964 3866 3954 3979 3264 3810 4934 3246 3932 2382 4676 3846 4216 3405 4037 5201 3103 3341 2687 3598 2147 3954 2877 3341 3167 2892 4207 3904 3818
4949 4435 5536 4869 6069 6012 5445 5218 5396 5301 5722 5426 5666 4716 5580 5018 3605 5121 5692 5170 4848 3469 5522 5153 4755 4708 4989 4541 4627 3685 4961 4233 4007 4029 4940 3903 3831 3239 3328 3658 3567 3723 4167 4659 3453 3470 5151 4566 4343 3513 2432 2452 2609 1777 2577 3402 2933 2974 3471 3061 3943 3253 2756 2602 2716 3081 3423 2598 3318 2257 0 3236 1515 2923 4048 5031 5784 5686 5608 5799 5084 5661 6754 5066 5783 4202 6496 5500 6036 5225 5857 7021 4757 4995 4373 5252 3801 5608 4531 4995 4821 4546 5861 5558 5472
3927 3413 4514 3847 5047 4990 4375 4196 4374 4279 4700 4404 4427 3694 4340 3779 2583 4099 4418 4148 3826 2447 4265 4131 3733 3686 3967 3519 3605 2663 3939 3211 2985 3007 3918 3047 2809 2217 2306 2636 2545 2803 3145 3637 2431 2448 4129 3544 3321 2491 1023 1430 1587 1453 1676 2380 2076 2117 2615 2039 3023 2231 1516 1580 1470 2055 2566 2041 2461 1080 3228 0 2842 1683 3191 4175 4762 4664 4752 4777 4062 4608 5732 4044 4730 3180 5474 4644 5014 4203 4835 5999 3901 4139 3485 4396 2945 4752 3675 4139 3965 3690 5005 4702 4616
5060 4546 5647 4980 6180 6123 5525 5329 5507 5412 5833 5537 5778 4827 5692 5130 3716 5232 5769 5281 4959 3580 5633 5264 4866 4819 5100 4652 4738 3796 5072 4344 4118 4140 5051 4015 3942 3350 3439 3769 3678 3835 4278 4770 3564 3581 5262 4677 4454 3624 2544 2563 2720 1889 2689 3513 3045 3086 3583 3172 4055 3364 2868 2713 2828 3192 3535 2710 3430 2369 1517 2852 0 3035 4160 5143 5895 5797 5720 5910 5195 5741 6865 5177 5863 4313 6607 5612 6147 5336 5968 7132 4869 5107 4453 4575 3913 4931 4508 5107 4933 3846 5184 5670 4795
3620 3106 4207 3540 4740 4683 4068 3889 4067 3972 4393 4097 3061 3387 2828 2490 2276 3214 3129 3443 3519 2140 2976 2997 3426 3379 3660 3212 3298 2356 3632 2904 2678 2700 3611 2740 2502 1910 1999 2329 2238 2496 2838 3330 2124 2141 3822 3237 3014 1755 905 1123 1280 1146 1369 2073 1769 1810 2308 1732 2716 1924 664 1273 1187 1752 2259 1734 2154 1053 2921 1654 2969 0 2884 3868 4455 4357 4445 4470 3755 4301 5425 3737 4423 2873 5167 4337 4707 3896 4528 5692 3594 3832 3178 4089 2638 4445 3368 3832 3658 3383 4698 4395 4309
4606 4092 5193 4526 5726 5826 5071 4876 5053 4958 5379 5083 5627 4374 5615 4979 3263 4779 5350 4828 4505 3127 5180 4811 4412 4365 4646 4060 4284 3342 4618 3663 3437 3459 4597 2385 3261 2896 2985 2414 2997 2651 3824 4316 3110 3127 4808 4223 4000 3171 2448 2133 2266 2446 1751 3059 1337 1861 1953 2742 2200 2911 2717 2115 2645 2738 643 1939 1822 2363 4099 3197 4147 2884 0 3572 5214 5116 4149 4507 4514 5060 6185 4496 5182 3632 6146 4041 5685 4046 5265 6671 3298 3536 2882 3793 2342 4149 3072 3536 3362 3148 4402 4099 4013
4021 3496 4724 3930 5436 5073 4458 5814 5875 4362 5211 4487 6579 5312 6553 5917 4201 5717 6288 5766 5444 4065 6118 5749 3827 3528 4061 2592 3699 2921 4033 1921 2233 2242 2593 1502 2390 2513 3211 2468 2486 2705 3657 4893 4049 3695 5139 4055 4880 4109 3386 3071 3205 3385 2690 3998 2241 2799 1871 2938 2254 3849 3655 3054 3584 3677 2928 2877 2487 3301 5038 4135 5086 3822 3553 0 2718 2399 2875 1145 2101 2316 3440 2420 2491 2359 3182 766 2722 684 2543 3707 3352 3590 2936 3847 1285 4203 3126 3590 3416 3141 4456 4153 4067
3913 3388 4616 3822 5328 4965 4350 5964 5767 4254 5103 4379 6579 5727 6476 6460 4617 6133 6341 6179 5301 4481 6118 5749 3719 3420 3953 2484 3591 3154 3925 1813 2055 2487 2485 4081 2623 2746 3444 2939 2719 3918 3549 4785 4464 3928 5031 3947 4772 4525 3965 3550 3620 3972 3896 4433 4085 4337 3406 3323 3466 4265 4233 3800 4021 3997 4592 4260 4205 3879 5747 4714 5795 4401 5217 2875 0 1305 3852 2661 1712 2511 3635 2109 2634 2251 3377 3344 2917 2087 2738 3902 5931 6169 4329 6426 3864 6782 5705 6169 5812 5720 7035 4967 6646
3858 3332 4560 3766 5272 4909 4294 5908 5711 4198 5047 4323 6523 5672 6420 6404 4562 6078 6285 6123 5245 4426 6062 5693 3664 3364 3898 2429 3536 3099 3870 1758 2000 2432 2429 3775 2568 2691 3389 2884 2664 3863 3493 4729 4483 3873 4975 3891 4716 4470 3910 3495 3565 3917 3841 4378 4030 4282 3351 3268 3411 4210 4178 3745 3966 3942 4537 4205 4150 3824 5692 4659 5740 4346 5162 2569 1305 0 3546 2355 1970 2205 3329 2257 2328 2196 3071 3038 2611 1781 2432 3596 5625 5863 4023 6120 3558 6476 5399 5863 5506 5414 6729 4661 6340
5178 4652 5880 5086 6592 6229 5614 6384 6562 5518 6367 5643 7149 5882 7123 6488 4771 6287 6858 6336 6014 4635 6688 6319 4984 4684 5218 3749 4856 4419 5190 3078 3320 3752 3749 3899 3888 4011 4494 3928 3984 4165 4813 5825 4619 4636 6317 5211 5509 4679 3957 3642 3775 3955 3260 4568 2811 3369 3467 4251 3714 4420 4226 3624 4154 4247 3498 3447 3057 3872 5608 4706 5656 4393 4123 2858 3899 3580 0 3748 3257 2637 2988 3577 2564 3516 2949 2115 2488 3103 2068 3474 3162 3399 1421 4078 2963 4434 3357 3399 2615 3370 4687 1770 4298
3956 3431 4660 3865 5371 5008 4393 6007 5810 4297 5146 4422 6622 5770 6519 6503 4660 6176 6384 6222 5344 4524 6161 5792 3762 3463 3996 2527 3634 3197 3968 1856 2098 2530 2528 2507 2666 2789 3487 2982 2762 3710 3592 4828 4507 3971 5074 3990 4815 4568 4008 3593 3663 4015 3695 4476 3246 3804 2876 3366 3259 4308 4276 3843 4064 4040 3933 3882 3492 3922 5790 4757 5838 4444 4558 1301 2653 2334 3788 0 2036 2251 3375 2355 2426 2294 3117 1679 2657 619 2478 3642 4357 4595 3966 4852 2290 5208 4131 4595 4421 4146 5461 4707 5072
3076 2551 3779 2985 4491 4128 3513 5127 4930 3417 4266 3542 5742 4999 5639 5623 3889 5405 5504 5342 4464 3753 5281 4912 2882 2583 3116 1648 2754 2426 2801 1085 1327 1759 1403 3110 1895 2018 2716 2211 1991 3190 2712 3948 3702 3200 4194 3110 3935 3797 3237 2822 2892 3244 3168 3705 3357 3609 2678 2595 2738 3537 3505 3072 3293 3269 3864 3532 3477 3151 5019 3986 5067 3673 4489 2251 1713 1965 3210 2037 0 1869 2993 419 1991 1523 2735 2720 2275 1463 2096 3260 5306 5544 3687 5801 3239 6157 5080 5544 5170 5095 6410 4325 6021
3781 3256 4484 3690 5196 4833 4218 5831 5635 4122 4971 4246 6446 5595 6343 6327 4485 6001 6208 6046 5168 4349 5985 5616 3587 3288 3821 2352 3459 3022 3793 1681 1923 2355 2353 3699 2491 2614 3312 2807 2587 3786 3417 4653 4407 3796 4899 3815 4640 4393 3833 3418 3488 3840 3764 4301 3953 4205 3274 3191 3334 4133 4101 3668 3889 3865 4460 4128 4073 3747 5615 4582 5663 4269 5085 2494 2502 2183 2589 2280 1861 0 2371 2180 1370 2119 1678 2633 1022 1706 1475 2202 4807 5044 3066 5723 3482 6079 5002 5044 4549 5015 6332 3704 5943
4915 4390 5617 4823 6329 5966 5351 6965 6768 5255 6104 5380 7580 6729 7477 7461 5619 7135 7342 7180 6302 5483 7119 6750 4721 4421 4955 3486 4593 4156 4927 2815 3057 3489 3486 4833 3625 3748 4446 3941 3721 4920 4550 5786 5540 4930 6032 4948 5773 5527 4967 4552 4622 4974 4898 5435 4854 5339 4408 4325 4468 5267 5235 4802 5023 4999 5541 5262 5100 4881 6749 5716 6797 5403 6166 3628 3636 3317 2987 3414 2994 2375 0 3314 2301 3253 2686 3031 2225 2840 1818 3211 5205 5442 3464 6121 4616 6477 5400 5442 4671 5413 6730 3826 6341
3097 2572 3800 3006 4512 4149 3534 5148 4951 3438 4287 3563 5763 5020 5660 5644 3910 5426 5525 5363 4485 3774 5302 4933 2903 2604 3137 1669 2775 2447 2965 1106 1348 1780 1205 3131 1916 2039 2737 2232 2012 3211 2733 3969 3723 3221 4215 3131 3956 3818 3258 2843 2913 3265 3189 3726 3378 3630 2699 2616 2759 3558 3526 3093 3314 3290 3885 3553 3498 3172 5040 4007 5088 3694 4510 2611 2144 2285 3570 2397 461 2229 3353 0 2351 1544 3095 3080 2635 1823 2456 3620 5193 5431 4047 5688 3599 6044 4967 5431 5257 4982 6297 4685 5908
3957 3432 4660 3866 5372 5009 4394 6007 5811 4298 5147 4422 6622 5771 6519 6503 4661 6177 6384 6222 5344 4525 6161 5792 3763 3464 3997 2528 3635 3198 3969 1857 2099 2531 2529 3862 2667 2790 3488 2983 2763 3962 3593 4829 4583 3972 5075 3991 4816 4569 4009 3594 3664 4016 3940 4477 4129 4381 3450 3367 3510 4309 4277 3844 4065 4041 4636 4304 4249 3923 5791 4758 5839 4445 5261 2657 2678 2359 2476 2442 2037 1417 2259 2356 0 2295 2001 2520 1541 1868 1362 2526 4694 4931 2953 5610 3645 5966 4889 4931 4436 4902 6219 3591 5830
3121 2595 3824 3029 4535 4172 3557 4642 4639 3461 4310 3586 5407 4139 5381 4908 3029 4545 5116 4593 4271 2893 4946 4577 2927 2627 3161 1841 2799 1566 3133 686 292 899 1692 2250 1035 1158 1856 1351 1131 2330 2756 3657 2876 2340 4150 3154 3643 2937 2377 1962 2032 2384 2308 2845 2497 2749 1818 1735 1878 2677 2645 2212 2433 2409 3004 2672 2617 2291 4159 3126 4207 2813 3629 2499 2238 2140 3425 2253 1538 2084 3208 1520 2206 0 2950 2968 2490 1679 2311 3475 4312 4550 3902 4807 3165 5163 4086 4550 4376 4101 5416 4540 5027
4650 4125 5352 4558 6064 5701 5086 6700 6503 4990 5839 5115 7315 6464 7212 7196 5354 6870 7077 6915 6037 5218 6854 6485 4456 4156 4690 3221 4328 3891 4662 2550 2792 3224 3221 4568 3360 3483 4181 3676 3456 4655 4285 5521 5275 4665 5767 4683 5508 5262 4702 4287 4357 4709 4633 5170 4770 5074 4143 4060 4203 5002 4970 4537 4758 4734 5329 4997 5016 4616 6484 5451 6532 5138 5954 3363 3371 3052 2903 3149 2729 1675 2686 3049 2036 2988 0 2947 880 2575 1789 671 5121 5358 3380 6037 4351 6393 5316 5358 4863 5329 6646 4018 6257
4655 4130 5358 4564 6070 5707 5092 6364 6542 4996 5845 5121 7129 5862 7103 6467 4751 6267 6838 6316 5994 4615 6668 6299 4461 4162 4695 3226 4333 3472 4667 2555 2784 2793 3227 2053 2941 3064 3762 3019 3037 3256 4291 5527 4599 4246 5773 4689 5489 4659 3936 3621 3755 3935 3240 4548 2791 3349 2422 3489 2805 4399 4205 3604 4134 4227 3478 3427 3037 3851 5588 4685 5636 4372 4103 792 3352 3033 2158 1682 2735 2727 3078 3054 2654 2979 3039 0 2578 1318 2158 3564 3902 4140 2336 4397 1836 4753 3676 4140 3966 3691 5006 3793 4617
4197 3672 4899 4105 5611 5248 4633 6247 6050 4537 5386 4662 6862 6011 6759 6743 4901 6417 6624 6462 5584 4765 6401 6032 4003 3703 4237 2768 3875 3438 4209 2097 2339 2771 2768 4115 2907 3030 3728 3223 3003 4202 3832 5068 4822 4212 5314 4230 5055 4809 4249 3834 3904 4256 4180 4717 4317 4621 3690 3607 3750 4549 4517 4084 4305 4281 5004 4544 4563 4163 6031 4998 6079 4685 5501 2910 2918 2599 2450 2696 2276 1049 2233 2596 1583 2535 889 2494 0 2122 1336 1414 4668 4905 2927 5584 3898 5940 4863 4905 4410 4876 6193 3565 5804
3415 2890 4118 3324 4830 4467 3852 5466 5269 3756 4605 3881 6081 5229 5978 5962 4119 5635 5843 5681 4803 3983 5620 5251 3221 2922 3455 1986 3093 2656 3427 1315 1557 1989 1987 2049 2125 2248 2946 2441 2221 3252 3051 4287 3966 3430 4533 3449 4274 4027 3467 3052 3122 3474 3236 3935 2787 3345 2418 2825 2801 3767 3735 3302 3523 3499 3474 3423 3033 3381 5249 4216 5297 3903 4099 843 2112 1793 3051 629 1495 1710 2834 1814 1885 1753 2576 1312 2116 0 1937 3101 3898 4136 3482 4393 1832 4749 3672 4136 3962 3687 5002 4166 4613
3982 3456 4684 3890 5396 5033 4418 6032 5835 4322 5171 4447 6647 5796 6544 6528 4686 6202 6409 6247 5369 4550 6186 5817 3788 3488 4022 2553 3660 3223 3994 1882 2124 2556 2553 3900 2692 2815 3513 3008 2788 3987 3617 4853 4607 3997 5099 4015 4840 4594 4034 3619 3689 4041 3965 4502 3898 4456 3475 3392 3535 4334 4302 3869 4090 4066 4585 4329 4144 3948 5816 4783 5864 4470 5210 2695 2703 2384 2031 2481 2061 1441 1849 2381 1368 2320 1753 2075 1292 1907 0 2278 4249 4486 2508 5165 3683 5521 4444 4486 4026 4457 5774 3181 5385
5182 4657 5884 5090 6596 6233 5618 7232 7035 5522 6371 5647 7847 6996 7744 7728 5886 7402 7609 7447 6569 5750 7386 7017 4988 4688 5222 3753 4860 4423 5194 3082 3324 3756 3753 5100 3892 4015 4713 4208 3988 5187 4817 6053 5807 5197 6299 5215 6040 5794 5234 4819 4889 5241 5165 5702 5302 5606 4675 4592 4735 5534 5502 5069 5290 5266 5861 5529 5548 5148 7016 5983 7064 5670 6614 3895 3903 3584 3435 3681 3261 2238 3218 3581 2568 3520 686 3479 1411 3107 2321 0 5653 5890 3912 6569 4883 6925 5848 5890 5395 5861 7178 4550 6789
5259 4745 5846 5179 6379 6322 5724 5528 5706 5611 6032 5736 6293 5026 6267 5632 3915 5431 6002 5480 5158 3779 5832 5463 5065 5018 5299 4851 4937 3995 5271 4321 4095 4117 5250 3043 3998 3549 3638 3072 3655 3309 4477 4969 3763 3780 5461 4876 4653 3823 3101 2786 2919 3099 2404 3712 1955 2513 2611 3395 2858 3564 3370 2768 3298 3391 2642 2591 2201 3016 4752 3850 4800 3537 3267 3338 5846 5527 3147 4273 5229 4832 5183 5154 4759 4290 5144 3807 4683 3812 4263 5669 0 1430 1881 3222 2107 3578 2501 1430 862 2514 3831 1993 3442
5514 5000 6101 5434 6634 6577 5979 5783 5961 5866 6287 5991 6548 5281 6522 5887 4170 5686 6257 5735 5413 4034 6087 5718 5320 5273 5554 5106 5192 4250 5526 4576 4350 4372 5505 3298 4253 3804 3893 3327 3910 3564 4732 5224 4018 4035 5716 5131 4908 4078 3356 3041 3174 3354 2659 3967 2210 2768 2866 3650 3113 3819 3625 3023 3553 3646 2897 2846 2456 3271 5007 4105 5055 3792 3522 3593 6101 5782 3402 4528 5484 5087 5438 5409 5014 4545 5399 4062 4938 4067 4518 5924 1450 0 2136 3477 2362 3833 2756 1355 1445 2769 4086 2182 3697
4836 4322 5423 4756 5956 5899 5301 5105 5283 5188 5609 5313 5870 4603 5844 5209 3492 5008 5579 5057 4735 3356 5409 5040 4642 4595 4876 4292 4514 3572 4848 3621 3863 3694 4292 2620 3575 3126 3215 2649 3232 2886 4054 4546 3340 3357 5038 4453 4230 3400 2678 2363 2496 2676 1981 3289 1532 2090 2188 2972 2435 3141 2947 2345 2875 2968 2219 2168 1778 2593 4329 3427 4377 3114 2844 3099 4442 4123 1495 3989 3800 3180 3531 4120 3107 3867 3492 2355 3031 3389 2611 4017 1883 2120 0 2799 1684 3155 2078 2120 1947 2091 3408 2683 3019
5796 5282 6383 5716 6916 6859 6244 6065 6243 6148 6569 6273 6529 5563 6804 6168 4452 5968 6539 6017 5695 4316 6068 6000 5602 5555 5836 5388 5474 4532 5808 4858 4632 4654 5787 3580 4535 4086 4175 3609 4192 3846 5014 5506 4300 4317 5998 5413 5190 4360 3637 3322 3455 3636 2941 4249 2492 3050 3148 3931 3395 4100 3906 3305 3834 3928 3179 3128 2738 3552 5289 4386 4598 4073 3804 3875 6383 6064 3977 4810 5766 5662 6013 5691 5589 4827 5974 4344 5513 4349 5093 6499 3127 3364 2710 0 2644 848 1493 2584 3191 2762 638 3927 249
4334 3820 4921 4254 5454 5553 4799 4603 4781 4686 5107 4811 5354 4101 5342 4706 2990 4506 5077 4555 4233 2854 4907 4538 4140 4093 4374 3710 4012 3070 4346 3039 2947 2956 3711 2216 3104 2624 2713 2147 2730 2384 3552 4044 2838 2855 4536 3951 3728 2898 2175 1860 1994 2174 1479 2787 1030 1588 1686 2469 1933 2638 2444 1843 2373 2466 1717 1666 1276 2090 3827 2924 3875 2611 2342 1327 3836 3517 2992 2263 3219 3433 4557 3538 3609 3142 4299 1796 3839 1801 3660 4824 2141 2379 1725 2636 0 2992 1915 2379 2205 1930 3245 2942 2856
6130 5616 6717 6050 7250 7193 6578 6399 6577 6482 6903 6607 6863 5897 7138 6502 4786 6302 6873 6351 6029 4650 6402 6334 5936 5889 6170 5722 5808 4866 6142 5192 4966 4988 6121 3914 4869 4420 4509 3943 4526 4180 5348 5840 4634 4651 6332 5747 5524 4694 3971 3656 3789 3970 3275 4583 2826 3384 3482 4265 3729 4434 4240 3639 4168 4262 3513 3462 3072 3886 5623 4720 4932 4407 4138 4209 6717 6398 4311 5144 6100 5996 6347 6025 5923 5161 6308 4678 5847 4683 5427 6833 3461 3698 3044 810 2978 0 1827 3366 3525 3096 1419 4261 1031
5027 4513 5614 4947 6147 6090 5475 5296 5474 5379 5800 5504 6061 4794 6035 5399 3683 5199 5770 5248 4926 3547 5600 5231 4833 4786 5067 4619 4705 3763 5039 4089 3863 3885 5018 2811 3766 3317 3406 2840 3423 3077 4245 4737 3531 3548 5229 4644 4421 3591 2868 2553 2686 2867 2172 3480 1723 2281 2379 3162 2626 3331 3137 2536 3065 3159 2410 2359 1969 2783 4520 3617 4555 3304 3035 3106 5614 5295 3208 4041 4997 4893 5244 4922 4820 4058 5205 3575 4744 3580 4324 5730 2358 2595 1941 1450 1875 1806 0 2595 2422 1989 2059 3158 1670
5504 4990 6091 5424 6624 6567 5952 5773 5951 5856 6277 5981 6538 5271 6512 5877 4160 5676 6247 5725 5403 4024 6077 5708 5310 5263 5544 5096 5182 4240 5516 4566 4340 4362 5495 3288 4243 3794 3883 3317 3900 3554 4722 5214 4008 4025 5706 5121 4898 4068 3346 3031 3164 3344 2649 3957 2200 2758 2856 3640 3103 3809 3615 3013 3543 3636 2887 2836 2446 3261 4997 4095 5045 3782 3512 3583 6091 5772 3392 4518 5474 5077 5428 5399 5004 4535 5389 4052 4928 4057 4508 5914 1440 1395 2126 2606 2352 3409 4054 0 1435 2759 3016 2172 2628
5354 4840 5941 5274 6474 6417 5819 5623 5801 5706 6127 5831 6388 5121 6362 5727 4010 5526 6097 5575 5253 3874 5927 5558 5160 5113 5394 4946 5032 4090 5366 4416 4190 4212 5345 3138 4093 3644 3733 3167 3750 3404 4572 5064 3858 3875 5556 4971 4748 3918 3196 2881 3014 3194 2499 3807 2050 2608 2706 3490 2953 3659 3465 2863 3393 3486 2737 2686 2296 3111 4847 3945 4895 3632 3362 3433 5941 5622 2594 4368 5324 4893 4969 5249 4819 4385 5204 3902 4743 3907 4337 5729 839 1381 1976 3317 2202 3673 2596 1381 0 2609 3926 921 3537
4939 4425 5526 4859 6059 6002 5387 5208 5386 5291 5712 5416 5973 4706 5947 5311 3595 5111 5682 5160 4838 3459 5512 5143 4745 4698 4979 4398 4617 3675 4951 4001 3775 3797 4930 2723 3678 3229 3318 2752 3335 2989 4157 4649 3443 3460 5141 4556 4333 3503 2780 2465 2598 2779 2084 3392 1635 2193 2291 3074 2538 3243 3049 2448 2977 3071 2322 2271 1881 2695 4432 3529 3715 3216 2947 3018 5526 5207 3372 3953 4909 5057 5408 4834 4984 3970 5369 3487 4908 3492 4488 5894 2522 2759 2105 2679 1787 3035 2021 2759 2586 0 3288 3322 2899
6419 5905 7006 6339 7539 7482 6867 6688 6866 6771 7192 6896 7152 6186 7427 6791 5075 6591 7162 6640 6318 4939 6691 6623 6225 6178 6459 6011 6097 5155 6431 5481 5255 5277 6410 4203 5158 4709 4798 4232 4815 4469 5637 6129 4923 4940 6621 6036 5813 4983 4260 3945 4078 4259 3564 4872 3115 3673 3771 4554 4018 4723 4529 3928 4457 4551 3802 3751 3361 4175 5912 5009 5221 4696 4427 4498 7006 6687 4600 5433 6389 6285 6636 6314 6212 5450 6597 4967 6136 4972 5716 7122 3750 3987 3333 669 3267 1471 2116 3019 3814 3385 0 4550 482
6115 5601 6702 6035 7235 7178 6563 6384 6562 6467 6888 6592 7149 5882 7123 6488 4771 6287 6858 6336 6014 4635 6688 6319 5921 5874 6155 5160 5793 4851 6127 4489 4731 4973 5161 3899 4854 4405 4494 3928 4511 4165 5333 5825 4619 4636 6317 5732 5509 4679 3957 3642 3775 3955 3260 4568 2811 3369 3467 4251 3714 4420 4226 3624 4154 4247 3498 3447 3057 3872 5608 4706 5656 4393 4123 4194 5311 4992 1750 5089 4669 4049 4119 4988 3975 4927 4360 3775 3899 4515 3493 4885 2052 2143 2738 4078 2963 4434 3357 2143 937 3370 4687 0 4298
6047 5533 6634 5967 7167 7110 6495 6316 6494 6399 6820 6524 6780 5814 7055 6419 4703 6219 6790 6268 5946 4567 6319 6251 5853 5806 6087 5639 5725 4783 6059 5109 4883 4905 6038 3831 4786 4337 4426 3860 4443 4097 5265 5757 4551 4568 6249 5664 5441 4611 3888 3573 3706 3887 3192 4500 2743 3301 3399 4182 3646 4351 4157 3556 4085 4179 3430 3379 2989 3803 5540 4637 4849 4324 4055 4126 6634 6315 4228 5061 6017 5913 6264 5942 5840 5078 6225 4595 5764 4600 5344 6750 3378 3615 2961 297 2895 1099 1744 2647 3442 3013 474 4178 0
