0 957 691 941 661 1438 438 695 1107 1182 793 964 1107 826 758 1349 570 881 527 2110 649 733 1074 657 530 1273 229 2117 2137 1339 1238 1809 1262 1362 1220 1101 732 1599 1413 1154 1068 1872 2008 1608 3384 3019 3087 2177 2749 2073 3419 2096 2712 1053 878 1016 1151 1440 1506 1819 1676 2231 1522 1977 1478 2226 1504 1955 2453 1720 1708 1190 2417 1452 1481 1870 3055 1249 2183 2103 2322 2509 2337 1631 2102 2474 2232 2668 2070 2907 2319 1362 2189 1498 1701 2167 1912 2859 1283 3279 2975 3205 3690 3843 4527
932 0 492 1091 1132 1721 1177 946 1391 1573 542 1215 1660 1379 1009 1902 1143 1455 661 2663 1222 305 1325 1230 882 1826 1163 1592 2407 1342 610 2092 1532 405 592 473 1002 1074 888 197 1338 1244 1380 980 2921 2391 2459 1549 2121 1445 3595 1468 2084 1588 1452 1590 1725 2013 2089 2392 2249 2804 2105 2550 2051 2799 2077 2528 3026 2293 2281 1763 2990 2025 2054 2443 3628 1832 2756 2676 2498 2685 2513 1882 2278 2650 2734 2844 2316 3083 2425 1538 2025 870 1073 1607 2014 2396 1534 3455 3151 3381 3866 4019 3899
644 505 0 1189 821 1579 839 533 1248 1430 254 802 1366 1085 596 1608 762 1073 408 2369 841 369 912 849 600 1532 800 2024 2128 1480 698 1832 1403 910 680 561 873 1506 1320 702 1209 1332 1468 1068 3009 2479 2547 1637 2209 1533 3240 1556 2172 1175 1070 1208 1343 1632 1676 2011 1868 2423 1692 2169 1670 2418 1696 2147 2645 1912 1900 1382 2609 1644 1673 2062 3247 1419 2375 2295 2143 2330 2158 1469 1923 2295 2379 2489 1961 2728 2070 1183 2010 958 1161 1695 1733 2484 1121 3100 2796 3026 3511 3664 3987
883 1089 1180 0 1328 718 1197 1220 388 570 1271 1489 989 708 1283 916 1236 1548 1145 1993 1315 926 1599 1323 1202 1145 901 1910 1778 981 1465 1089 810 1494 1447 1328 376 1392 1206 1286 616 2099 2234 1834 3660 3246 3314 2404 2976 2300 3695 2323 2939 1720 1545 1683 1818 2106 2157 2485 2342 2897 2173 2643 2144 2892 2170 2621 3119 2386 2374 1856 3083 2118 2147 2536 3721 1900 2849 2769 2598 2786 2613 1964 2378 2750 2834 2945 2416 3183 2525 1638 2465 1724 1927 2461 2188 3135 1693 3555 3252 3482 3966 4119 4754
726 1060 708 1318 0 1775 710 420 1444 1626 810 705 1518 1237 861 1760 554 665 604 2521 632 924 933 640 258 1684 843 2465 2324 1676 1255 2028 1599 1465 1237 1118 1069 1947 1761 1257 1405 1889 2025 1625 3401 3036 3104 2194 2766 2090 3436 2113 2729 838 862 1000 1135 1423 1456 1802 1659 2214 1472 1960 1461 2209 1487 1938 2436 1703 1691 1173 2400 1435 1464 1853 3038 1199 2166 2086 2339 2526 2354 1734 2119 2491 2215 2685 2053 2924 2302 1379 2206 1515 1718 2270 1929 2876 1386 3296 2992 3222 3707 3860 4544
1464 1670 1627 662 1882 0 1752 1774 444 365 1729 2043 966 968 1837 342 1790 2102 1556 1984 1869 1507 2118 1877 1710 853 1456 2380 2038 1296 2046 1003 827 2075 2028 1909 834 1862 1664 1867 931 2680 2815 2415 4118 3827 3895 2985 3557 2881 4153 2904 3520 2274 2099 2237 2372 2660 2615 3039 2896 3451 2631 3197 2698 3446 2724 3175 3673 2940 2928 2410 3637 2672 2701 3090 4275 2358 3403 3323 3056 3244 3071 2422 2836 3208 3292 3403 2874 3641 2983 2096 2923 2305 2508 3042 2646 3593 2151 4013 3710 3940 4424 4577 5335
436 1187 830 1109 735 1664 0 834 1333 1384 932 1103 1098 938 897 1551 208 818 690 2312 585 967 1174 593 542 1475 334 2267 2363 1565 1377 2035 1488 1592 1359 1240 958 1749 1563 1384 1294 2011 2147 1747 3523 3158 3226 2316 2888 2212 3558 2235 2851 990 815 953 1088 1376 1443 1755 1612 2167 1459 1913 1414 2162 1440 1891 2389 1656 1644 1126 2353 1388 1417 1806 2991 1186 2119 2039 2461 2648 2476 1691 2345 2613 2168 2807 2006 3046 2255 1501 2328 1637 1840 2306 2051 2998 1422 3418 3122 3344 3829 3982 4666
649 913 519 1171 410 1628 809 0 1297 1479 572 434 1371 1090 413 1613 767 938 457 2374 846 777 544 854 347 1537 806 2198 2177 1529 1017 1881 1452 1299 999 880 922 1680 1494 1043 1258 1651 1787 1387 3108 2798 2866 1956 2528 1852 3152 1875 2491 807 1086 1213 1348 1637 1308 2016 1873 2428 1324 2174 1392 2423 1701 2128 2650 1917 1905 1387 2614 1649 1678 2067 3252 1051 2380 2300 2055 2243 2070 1286 1835 2207 2291 2402 1878 2640 1982 1121 1922 1277 1356 1822 1645 2583 938 3012 2709 2939 3423 3576 4306
1110 1316 1274 308 1529 447 1399 1421 0 298 1376 1690 1171 888 1484 645 1437 1749 1203 2173 1516 1153 1765 1524 1357 1061 1103 2027 1740 943 1692 818 643 1721 1674 1555 481 1509 1311 1513 578 2326 2461 2061 3765 3473 3541 2631 3203 2527 3800 2550 3166 1921 1746 1884 2019 2307 2262 2686 2543 3098 2278 2844 2345 3093 2371 2822 3320 2587 2575 2057 3284 2319 2348 2737 3922 2005 3050 2970 2703 2891 2718 2069 2483 2855 2939 3050 2521 3288 2630 1743 2570 1951 2154 2688 2293 3240 1798 3660 3357 3587 4071 4224 4981
1215 1513 1470 505 1587 392 1426 1479 287 0 1572 1748 873 875 1542 343 1495 1807 1399 1891 1574 1350 1858 1582 1415 763 1046 2223 1936 1139 1889 980 805 1918 1871 1752 677 1705 1507 1710 774 2523 2658 2258 3961 3670 3738 2828 3400 2724 3996 2747 3363 1979 1804 1942 2077 2365 2458 2744 2601 3156 2474 2902 2403 3151 2429 2880 3378 2645 2633 2115 3342 2377 2406 2795 3980 2201 3108 3028 2899 3087 2914 2265 2679 3051 3135 3246 2717 3484 2826 1939 2766 2148 2351 2868 2489 3436 1994 3856 3553 3783 4267 4420 5178
724 591 249 1202 878 1659 919 561 1328 1510 0 830 1446 1165 624 1688 842 1153 488 2449 921 576 940 929 628 1612 880 2184 2208 1560 616 1912 1483 898 598 479 953 1666 1464 642 1289 1250 1386 986 2927 2397 2465 1555 2127 1451 3320 1474 2090 1203 1150 1288 1423 1712 1704 2091 1948 2503 1720 2249 1750 2498 1776 2227 2725 1992 1980 1462 2689 1724 1753 2142 3327 1447 2455 2375 2223 2410 2238 1497 2003 2375 2459 2569 2110 2808 2150 1332 2031 876 1079 1613 1813 2402 1149 3180 2884 3106 3591 3744 3905
922 1186 792 1444 692 1901 1117 435 1570 1752 845 0 1644 1363 686 1886 1040 551 730 2647 811 1050 547 1040 629 1810 1079 2471 2450 1802 1290 2154 1725 1572 1272 1153 1195 1953 1767 1316 1531 1924 2060 1660 3381 3071 3139 2229 2801 2125 3369 2148 2764 740 1027 1165 1299 1588 1311 1967 1824 2379 1327 2125 1395 2374 1652 2103 2601 1868 1856 1338 2565 1600 1629 2018 3203 1054 2331 2251 2272 2460 2287 1502 2052 2424 2380 2619 1881 2857 2199 1176 2139 1550 1629 2095 1862 2856 1211 3229 2933 3156 3640 3793 4579
1186 1743 1447 1023 1559 977 1130 1451 1142 856 1549 1720 0 393 1514 785 1300 1779 1343 1564 1537 1519 1830 1505 1387 709 958 2486 2582 1785 1994 1791 1616 2148 1976 1857 1178 1968 1782 1940 1514 2628 2764 2364 4140 3775 3843 2933 3505 2829 4175 2852 3468 1951 1776 1856 2049 2337 2404 2716 2573 3128 2420 2874 2375 3123 2401 2852 3350 2617 2605 2087 3314 2349 2378 2767 3952 2147 3080 3000 3078 3265 3093 2387 2858 3230 3129 3424 2967 3663 3005 2118 2945 2254 2457 2923 2668 3615 2039 4035 3731 3961 4446 4599 5283
914 1471 1175 751 1287 914 976 1179 981 793 1277 1448 398 0 1242 722 1146 1507 1071 1483 1274 1247 1558 1282 1115 646 772 2214 2310 1513 1722 1682 1436 1876 1704 1585 906 1696 1510 1668 1242 2356 2492 2092 3868 3503 3571 2661 3233 2557 3903 2580 3196 1679 1504 1642 1777 2065 2132 2444 2301 2856 2148 2602 2103 2851 2129 2580 3078 2345 2333 1815 3042 2077 2106 2495 3680 1875 2808 2728 2806 2993 2821 2115 2586 2958 2857 3152 2695 3391 2733 1846 2673 1982 2185 2651 2396 3343 1767 3763 3459 3689 4174 4327 5011
725 989 594 1247 726 1704 920 409 1373 1555 647 678 1447 1166 0 1689 843 971 533 2450 922 853 581 930 476 1613 881 2274 2253 1605 1092 1957 1528 1374 1074 921 998 1756 1570 1118 1334 1726 1862 1462 2872 2873 2941 2031 2603 1927 2916 1950 2566 844 1122 1289 1424 1713 1344 2092 1949 2504 1360 2250 1428 2499 1777 1913 2726 1993 1981 1463 2690 1725 1754 2143 3328 1087 2456 2376 1819 2007 1834 1050 1599 1971 2055 2166 1663 2404 1746 885 1686 1274 1120 1586 1409 2347 702 2776 2480 2703 3187 3340 4381
1407 1864 1668 856 1780 340 1649 1672 638 319 1770 1941 784 786 1735 0 1688 2000 1564 1802 1767 1701 2051 1775 1608 514 1341 2574 2233 1490 2240 1198 1022 2269 2222 2103 1028 2056 1858 2061 1125 2874 3009 2609 4312 4021 4089 3179 3751 3075 4347 3098 3714 2172 1997 2135 2270 2558 2625 2937 2794 3349 2641 3095 2596 3344 2622 3073 3571 2838 2826 2308 3535 2570 2599 2988 4173 2368 3301 3221 3250 3438 3265 2616 3030 3402 3350 3597 3068 3835 3177 2290 3117 2499 2702 3144 2840 3787 2260 4207 3904 4134 4618 4771 5529
595 1168 811 1172 526 1728 204 834 1397 1447 913 1084 1302 1091 878 1614 0 609 671 2375 376 948 965 384 538 1538 496 2331 2427 1629 1358 2099 1552 1573 1340 1221 1022 1813 1627 1365 1358 1992 2128 1728 3504 3139 3207 2297 2869 2193 3539 2216 2832 781 606 744 879 1167 1234 1546 1403 1958 1250 1704 1205 1953 1231 1682 2180 1447 1435 917 2144 1179 1208 1597 2782 977 1910 1830 2442 2629 2457 1482 2136 2594 1959 2788 1797 3027 2046 1412 2309 1618 1821 2287 2032 2979 1403 3399 3095 3325 3810 3963 4647
984 1558 1201 1562 628 2118 880 936 1787 1837 1303 539 1828 1481 997 2004 675 0 1061 2765 326 1338 458 555 774 1928 1101 2721 2817 2019 1748 2489 1942 1963 1730 1611 1412 2203 2017 1755 1748 2382 2518 2118 3245 3529 3597 2687 3259 2583 3280 2606 3222 274 542 680 814 1103 892 1482 1339 1894 908 1640 976 1889 1167 1618 2116 1383 1371 853 2080 1115 1144 1533 2718 635 1846 1766 2183 2371 2198 1140 1887 2335 1895 2530 1406 2768 1796 1087 2050 1713 1560 2026 1773 2720 1142 3140 2844 3067 3551 3704 5037
546 681 400 1011 625 1468 687 461 1137 1319 502 730 1289 1008 524 1531 653 965 0 2292 732 461 840 740 375 1455 709 1986 2017 1369 947 1721 1292 1086 929 810 762 1468 1282 878 1098 1581 1717 1317 3094 2728 2796 1886 2458 1782 3129 1805 2421 1137 962 1100 1235 1523 1590 1902 1759 2314 1606 2060 1561 2309 1587 2038 2536 1803 1791 1273 2500 1535 1564 1953 3138 1333 2266 2186 2032 2219 2047 1398 1812 2184 2268 2378 1850 2617 1959 1072 1899 1207 1410 1933 1622 2569 1049 2989 2685 2915 3400 3553 4236
2222 2779 2483 2059 2595 2050 2464 2487 2289 1929 2585 2756 1632 1601 2550 1858 2503 2815 2379 0 2582 2555 2866 2590 2423 1782 2156 3522 3618 2821 3155 2864 2689 3184 3137 2893 2214 3004 2818 2976 2550 3664 3800 3400 5176 4811 4879 3969 4541 3865 5211 3888 4504 2987 2812 2950 3085 3373 3440 3752 3609 4164 3456 3910 3411 4159 3437 3888 4386 3653 3641 3123 4350 3385 3414 3803 4988 3183 4116 4036 4114 4301 4129 3423 3894 4266 4165 4460 4003 4699 4041 3154 3981 3290 3493 3959 3704 4651 3075 5071 4767 4997 5482 5635 6319
695 1269 912 1273 630 1829 591 938 1498 1548 1014 802 1553 1192 979 1715 386 300 772 2476 0 1049 656 253 638 1639 812 2432 2528 1730 1459 2200 1653 1674 1441 1322 1123 1914 1728 1466 1459 2093 2229 1829 3312 3240 3308 2398 2970 2294 3347 2317 2933 472 348 486 620 909 976 1288 1145 1700 992 1446 947 1695 973 1424 1922 1189 1177 659 1886 921 950 1339 2524 719 1652 1672 2250 2438 2265 1224 1878 2402 1701 2597 1539 2835 1788 1154 2117 1719 1758 2224 1840 2787 1209 3207 2904 3134 3618 3771 4748
702 274 366 882 891 1512 936 766 1182 1364 581 1035 1430 1149 829 1672 902 1214 420 2433 981 0 1145 989 641 1596 933 1717 2198 1400 650 1883 1323 679 632 513 793 1199 1013 471 1129 1284 1419 1019 2960 2431 2499 1589 2161 1485 3469 1508 2124 1386 1211 1349 1484 1772 1839 2151 2008 2563 1855 2309 1810 2558 1836 2287 2785 2052 2040 1522 2749 1784 1813 2202 3387 1582 2515 2435 2372 2559 2387 1702 2152 2524 2564 2718 2190 2957 2299 1412 2064 909 1112 1646 1962 2435 1354 3329 3025 3255 3740 3893 3939
1087 1351 957 1557 976 2014 1243 580 1683 1865 1010 600 1809 1528 630 2051 1038 470 895 2812 689 1215 0 918 839 1975 1244 2584 2564 1915 1455 2268 1838 1737 1437 1318 1308 2066 1880 1481 1644 2089 2225 1825 2834 3236 3304 2394 2966 2290 2869 2313 2929 342 589 777 950 1239 811 1618 1487 2030 827 1776 895 2037 1303 1631 2264 1519 1519 989 2216 1263 1280 1681 2866 554 1982 1914 1772 1960 1787 1002 1552 1924 1988 2119 1381 2357 1699 676 1639 1346 1193 1659 1362 2309 731 2729 2426 2656 3140 3293 4744
655 1228 871 1233 586 1789 550 894 1458 1508 973 1020 1433 1152 938 1675 345 518 731 2436 254 1008 874 0 598 1599 772 2392 2488 1690 1418 2160 1613 1633 1400 1281 1083 1874 1688 1425 1419 2052 2188 1788 3479 3199 3267 2357 2929 2253 3514 2276 2892 690 515 653 788 1076 1143 1456 1313 1868 1159 1614 1115 1863 1141 1592 2090 1357 1345 827 2054 1089 1118 1507 2692 886 1820 1740 2417 2605 2432 1391 2046 2569 1869 2764 1707 3002 1956 1321 2284 1678 1881 2347 2007 2954 1376 3374 3071 3301 3785 3938 4707
538 801 449 1059 250 1516 521 346 1185 1367 551 631 1259 978 558 1501 506 778 345 2262 584 665 859 592 0 1425 654 2206 2065 1417 996 1769 1340 1206 978 859 810 1688 1502 998 1146 1630 1766 1366 3142 2777 2845 1935 2507 1831 3177 1854 2470 951 814 952 1087 1375 1442 1755 1612 2167 1458 1913 1414 2162 1440 1891 2389 1656 1644 1126 2353 1388 1417 1806 2991 1185 2119 2039 2080 2267 2095 1431 1860 2232 2168 2426 2006 2665 2007 1120 1947 1256 1459 1967 1670 2617 1083 3037 2733 2963 3448 3601 4285
1331 1888 1592 1121 1704 820 1573 1596 974 688 1694 1865 708 710 1659 492 1612 1924 1488 1726 1691 1664 1975 1699 1532 0 1265 2631 2659 1826 2139 1623 1448 2293 2121 2002 1323 2113 1927 2085 1461 2773 2909 2509 4285 3920 3988 3078 3650 2974 4320 2997 3613 2096 1921 2059 2194 2482 2549 2861 2718 3273 2565 3019 2520 3268 2546 2997 3495 2762 2750 2232 3459 2494 2523 2912 4097 2292 3225 3145 3223 3410 3238 2532 3003 3375 3274 3569 3112 3808 3150 2263 3090 2399 2602 3068 2813 3760 2184 4180 3876 4106 4591 4744 5428
217 1203 851 833 819 1388 339 855 1057 1024 953 1124 963 679 918 1202 503 1039 685 1963 807 979 1234 815 668 1126 0 1991 2087 1289 1398 1759 1212 1608 1380 1261 682 1473 1287 1400 1018 2032 2168 1768 3544 3179 3247 2337 2909 2233 3579 2256 2872 1211 1036 1174 1309 1598 1664 1977 1834 2389 1680 2135 1636 2384 1662 2113 2611 1878 1866 1348 2575 1610 1639 2028 3213 1407 2341 2261 2482 2669 2497 1791 2262 2634 2390 2828 2228 3067 2409 1522 2349 1658 1861 2327 2072 3019 1443 3439 3135 3365 3850 4003 4687
2101 1574 2012 1902 2424 2380 2316 2222 2050 2232 2116 2491 2473 2192 2285 2578 2435 2747 1999 3476 2514 1758 2654 2522 2174 2639 2020 0 2573 1256 2184 2699 2049 1409 2166 2047 1653 514 861 1615 1563 2818 2954 2554 4495 3965 4033 3123 3695 3019 4689 3042 3658 2919 2744 2882 3017 3305 3151 3684 3541 4096 3167 3842 3343 4091 3369 3660 4318 3585 3573 3055 4282 3317 3346 3735 4920 2894 4048 3968 3592 3780 3607 2958 3372 3744 3828 3939 3527 4177 3519 2632 3459 2444 2647 3181 3182 3970 2687 4549 4246 4476 4960 5113 5473
2205 2452 2188 1763 2530 2038 2488 2247 1763 1945 2290 2516 2645 2364 2310 2236 2526 2838 2117 3648 2605 2289 2679 2613 2280 2708 2192 2623 0 1539 2828 1467 1466 2530 2810 2691 1570 2105 1981 2649 1567 3462 3597 3197 4679 4609 4677 3767 4339 3663 4715 3686 4302 2883 2835 2973 3108 3396 3176 3775 3632 4187 3192 3933 3260 4182 3460 3685 4409 3676 3664 3146 4373 3408 3437 3826 5011 2919 4139 4059 3617 3805 3633 2983 3397 3769 3853 3964 3435 4203 3544 2657 3484 3087 3290 3586 3207 4154 2712 4574 4271 4501 4985 5138 6117
1281 1359 1439 973 1695 1303 1564 1587 973 1155 1541 1856 1721 1440 1650 1501 1603 1915 1368 2724 1682 1365 1930 1690 1523 1918 1268 1287 1496 0 1904 1622 972 1194 1886 1767 639 769 645 1400 486 2538 2673 2273 3930 3685 3753 2843 3415 2739 3965 2762 3378 2087 1912 2050 2185 2473 2427 2852 2709 3264 2443 3010 2511 3259 2537 2988 3486 2753 2741 2223 3450 2485 2514 2903 4088 2170 3216 3136 2868 3056 2883 2234 2648 3020 3104 3215 2686 3453 2795 1908 2735 2163 2366 2900 2458 3405 1963 3825 3522 3752 4236 4389 5193
1133 618 657 1460 1287 2090 1328 970 1760 1942 566 1239 1855 1574 1033 2097 1251 1562 897 2858 1330 674 1349 1338 1037 2021 1289 2211 2617 1961 0 2321 1901 925 159 420 1371 1693 1491 669 1707 821 956 556 2497 1968 2036 1126 1698 1022 3601 1045 1661 1612 1559 1697 1832 2121 2113 2500 2357 2912 2129 2658 2159 2907 2185 2662 3134 2401 2389 1871 3098 2133 2162 2551 3736 1856 2864 2784 2504 2692 2519 1906 2219 2656 2675 2851 2374 3089 2366 1741 1601 447 650 1184 1590 1972 1490 3461 3165 3388 3872 4025 3476
1826 2032 1837 1024 2179 999 2114 1896 806 988 1939 2165 1790 1620 1959 1197 2152 2464 1766 2808 2231 1869 2328 2239 1929 1709 1818 2688 1439 1604 2408 0 920 2437 2390 2271 1196 2170 2045 2229 1238 3042 3177 2777 4328 4189 4257 3347 3919 3243 4364 3266 3882 2532 2461 2599 2700 3022 2825 3401 3258 3813 2841 3559 2909 3808 3086 3334 4035 3302 3290 2772 3999 3034 3063 3452 4637 2568 3765 3685 3266 3454 3282 2632 3046 3418 3502 3613 3084 3852 3193 2306 3133 2667 2870 3235 2856 3803 2361 4223 3920 4150 4634 4787 5697
1261 1508 1419 819 1674 743 1544 1566 550 732 1521 1835 1534 1420 1629 941 1582 1894 1348 2704 1661 1345 1910 1669 1502 1453 1248 2064 1480 980 1884 837 0 1913 1866 1747 626 1546 1421 1705 614 2518 2653 2253 3910 3665 3733 2823 3395 2719 3945 2742 3358 2066 1891 2029 2164 2452 2407 2831 2688 3243 2423 2989 2490 3238 2516 2967 3465 2732 2720 2202 3429 2464 2493 2882 4067 2150 3195 3115 2848 3036 2863 2214 2628 3000 3084 3195 2666 3433 2775 1888 2715 2143 2346 2817 2438 3385 1943 3805 3502 3732 4216 4369 5173
1346 415 906 1505 1546 2135 1591 1271 1805 1987 867 1540 2074 1793 1334 2333 1557 1869 1075 3077 1636 719 1650 1644 1296 2240 1577 1479 2547 1230 935 2506 1946 0 917 798 1416 961 707 322 1536 1569 1704 1305 3245 2716 2784 1874 2446 1770 4009 1793 2409 1913 1866 2004 2139 2427 2414 2806 2663 3218 2430 2964 2465 3213 2491 2942 3440 2707 2695 2177 3404 2439 2468 2857 4042 2157 3170 3090 2912 3099 2927 2207 2692 3064 3148 3258 2730 3497 2839 1952 2349 1195 1398 1932 2338 2720 1859 3869 3565 3795 4280 4433 4224
1169 655 693 1497 1323 2127 1364 1006 1797 1979 602 1275 1891 1610 1069 2133 1287 1598 933 2894 1366 711 1385 1374 1073 2057 1325 2248 2653 1998 170 2357 1938 936 0 284 1408 1730 1528 706 1744 935 1070 670 2611 2082 2150 1240 1812 1136 3956 1159 1775 1648 1595 1733 1868 2157 2149 2536 2393 2948 2165 2694 2195 2943 2221 2672 3170 2437 2425 1907 3134 2169 2198 2587 3772 1892 2900 2820 2618 2806 2633 1942 2333 2770 2789 2965 2488 3203 2480 1777 1715 561 764 1298 1704 2086 1604 3575 3279 3502 3986 4139 3590
990 476 514 1318 1144 1948 1185 827 1618 1800 423 1096 1712 1431 822 1954 1108 1419 754 2715 1187 532 1206 1195 894 1878 1146 2069 2474 1819 429 2178 1759 783 355 0 1229 1551 1349 527 1565 1062 1198 798 2739 2209 2277 1367 1939 1263 3586 1286 1902 1469 1416 1554 1689 1978 1970 2357 2214 2769 1986 2515 2016 2764 2042 2493 2991 2258 2246 1728 2955 1990 2019 2408 3593 1713 2721 2641 2489 2676 2504 1763 2269 2641 2725 2835 2376 3074 2416 1529 1843 688 891 1425 1832 2214 1449 3446 3142 3372 3857 4010 3717
713 960 871 409 1127 866 996 1019 535 717 973 1288 1153 872 1082 1064 1035 1347 800 2156 1114 797 1362 1122 955 1319 700 1612 1658 660 1336 1237 690 1365 1318 1199 0 1094 908 1157 496 1970 2105 1705 3362 3117 3185 2275 2847 2171 3397 2194 2810 1519 1344 1482 1617 1905 1859 2284 2141 2696 1875 2442 1943 2691 1969 2420 2918 2185 2173 1655 2882 1917 1946 2335 3520 1602 2648 2568 2300 2488 2315 1666 2080 2452 2536 2647 2118 2885 2227 1340 2167 1595 1798 2332 1890 2837 1395 3257 2961 3184 3668 3821 4625
1588 1061 1499 1389 1911 1867 1956 1709 1537 1719 1603 1978 1960 1679 1772 2065 1922 2234 1486 2963 2001 1245 2141 2009 1661 2126 1507 518 2060 743 1671 2186 1536 896 1653 1534 1140 0 347 1102 1050 2305 2441 2041 3982 3452 3520 2610 3182 2506 4176 2529 3145 2406 2231 2369 2504 2792 2638 3171 3028 3583 2654 3329 2830 3578 2856 3147 3805 3072 3060 2542 3769 2804 2833 3222 4407 2381 3535 3455 3079 3267 3094 2445 2859 3231 3315 3426 2897 3664 3006 2119 2946 1931 2134 2668 2669 3457 2174 4036 3733 3963 4447 4600 4960
1409 882 1320 1210 1732 1753 1777 1530 1423 1605 1424 1799 1781 1500 1593 1951 1743 2055 1307 2784 1822 1066 1962 1830 1482 1947 1328 879 1947 630 1492 2073 1422 717 1474 1355 961 361 0 923 936 2126 2262 1862 3803 3273 3341 2431 3003 2327 3997 2350 2966 2227 2052 2190 2325 2655 2459 2992 2849 3404 2475 3150 2651 3399 2677 2968 3626 2893 2881 2363 3590 2625 2654 3043 4228 2202 3356 3276 2900 3088 2915 2266 2680 3052 3136 3247 2718 3485 2827 1940 2767 1752 1955 2489 2490 3278 1995 3857 3554 3784 4268 4421 4781
1138 207 698 1297 1345 1927 1383 1028 1597 1779 624 1297 1866 1585 1091 2108 1349 1661 867 2869 1428 511 1407 1436 1095 2032 1369 1685 2518 1436 692 2298 1738 346 674 555 1208 1167 913 0 1544 1326 1461 1062 3002 2473 2541 1631 2203 1527 3787 1550 2166 1670 1658 1796 1931 2219 2171 2598 2455 3010 2187 2756 2257 3005 2283 2734 3232 2499 2487 1969 3196 2231 2260 2649 3834 1914 2962 2882 2690 2877 2705 1964 2470 2887 2926 3050 2577 3275 2617 1744 2106 952 1155 1689 2095 2477 1616 3647 3351 3573 4058 4211 3981
1094 1341 1252 652 1507 982 1377 1399 652 834 1354 1668 1534 1253 1462 1180 1415 1727 1181 2537 1494 1178 1743 1502 1335 1597 1081 1582 1533 498 1717 1299 651 1488 1699 1580 459 1064 939 1538 0 2351 2486 2086 3743 3498 3566 2656 3228 2552 3778 2575 3191 1899 1724 1862 1997 2285 2240 2664 2521 3076 2256 2822 2323 3071 2349 2800 3298 2565 2553 2035 3262 2297 2326 2715 3900 1983 3028 2948 2681 2869 2696 2047 2461 2833 2917 3028 2499 3266 2608 1721 2548 1976 2179 2650 2271 3218 1776 3638 3335 3565 4049 4202 5006
1710 1196 1234 2038 1864 2668 1905 1547 2338 2520 1143 1816 2432 2151 1610 2674 1828 2139 1474 3435 1907 1252 1926 1915 1614 2598 1866 2789 3194 2539 767 2898 2479 1503 892 1051 1949 2271 2069 1247 2285 0 674 576 2221 1256 1324 305 1060 321 3130 224 949 2189 2136 2274 2409 2698 2314 2576 2510 3288 2706 3034 2399 3283 2560 2386 3567 2515 2765 2448 3502 2693 2739 2927 3973 2433 2849 3080 2228 2416 2243 1873 1943 2380 2399 2575 2098 2813 2090 2318 1325 956 1219 1149 1314 1696 2059 3185 2882 3112 3596 3749 2764
1897 1383 1421 2225 2051 2855 2092 1734 2525 2707 1330 2003 2619 2338 1797 2861 2015 2326 1661 3622 2094 1439 2113 2102 1801 2785 2053 2976 3381 2726 954 3085 2666 1690 1079 1238 2136 2458 2256 1434 2472 683 0 593 2397 1830 1898 988 1560 884 3704 907 1523 2376 2323 2461 2596 2885 2490 2752 2686 3464 2893 3210 2575 3459 2736 2562 3743 2691 2941 2635 3678 2869 2926 3103 4149 2620 3025 3256 2404 2592 2419 2049 2119 2556 2575 2751 2274 2989 2266 2330 1501 1144 1406 1325 1490 1872 2246 3361 3065 3288 3772 3925 3338
1487 972 1011 1814 1641 2444 1682 1324 2114 2296 920 1593 2209 1928 1387 2451 1605 1916 1251 3212 1684 1028 1703 1692 1391 2375 1643 2565 2971 2315 543 2675 2255 1279 668 827 1725 2047 1845 1023 2061 611 526 0 2287 1758 1826 916 1488 812 3632 835 1451 1966 1913 2051 2186 2475 2467 2642 2576 3266 2483 3012 2513 3261 2539 2452 3488 2581 2743 2225 3452 2487 2516 2905 4039 2210 2915 3146 2294 2482 2309 1939 2009 2446 2465 2641 2164 2879 2156 2095 1391 733 995 1215 1380 1762 1835 3251 2955 3178 3662 3815 3266
3336 2824 2862 3631 3500 4088 3531 3183 3757 3939 2771 3452 4058 3777 2956 4286 3454 3237 3100 5061 3374 2880 2854 3552 3250 4224 3492 4417 4638 3989 2395 4342 3912 3131 2520 2679 3382 3899 3697 2875 3718 2195 2343 2204 0 2892 2219 2498 3115 2202 2091 2417 1980 3058 3129 3317 3490 3488 2854 3116 3050 3828 3257 3574 2939 3823 3100 2926 4107 3055 3305 3375 4042 3233 3336 3467 4513 2922 3389 3620 2769 2957 2784 2413 2483 2921 2939 3116 2638 3354 2630 2694 1284 2155 1901 1766 1636 492 2536 3726 3423 3653 4137 4290 3140
2926 2412 2450 3254 3080 3884 3121 2763 3554 3736 2359 3032 3648 3367 2826 3890 3044 3355 2690 4651 3123 2468 3142 3131 2830 3814 3082 4005 4410 3755 1983 4114 3695 2719 2108 2267 3165 3487 3285 2463 3501 1293 1890 1792 3053 0 2068 1596 2353 1281 3874 1586 1609 3405 3352 3490 3625 3955 3530 3792 3726 4504 3922 4250 3615 4499 3776 3602 4783 3731 3981 3664 4718 3909 3955 4143 5189 3649 4065 4296 3444 3632 3459 3089 3159 3596 3615 3791 3314 4092 3306 3534 2541 2172 2435 2365 2530 2912 3275 4401 4098 4328 4535 4965 3508
2954 2440 2478 3282 3108 3912 3149 2791 3582 3764 2387 3060 3676 3395 2854 3918 3072 3383 2718 4679 3151 2496 3170 3159 2858 3842 3110 4033 4438 3783 2011 4142 3723 2747 2136 2295 3193 3515 3313 2491 3529 1321 1918 1820 2139 2018 0 1624 2381 1328 2523 1543 1130 3433 3380 3518 3653 3942 3558 3820 3754 4532 3950 4278 3643 4527 3804 3630 4811 3759 4009 3692 4746 3937 3983 4171 5217 3677 4093 4324 3472 3660 3487 3117 3187 3624 3643 3819 3342 2741 3334 3562 2569 2200 2463 2393 2558 2511 3303 4429 3259 4356 3184 4526 2118
2025 1511 1549 2353 2179 2983 2220 1862 2653 2835 1458 2131 2747 2466 1925 2989 2143 2454 1789 3750 2222 1567 2241 2230 1929 2913 2181 3104 3509 2854 1082 3213 2794 1818 1207 1366 2264 2586 2384 1562 2600 315 989 891 2536 1506 1574 0 1838 571 3380 221 1199 2504 2451 2589 2724 3054 2629 2891 2825 3603 3021 3349 2714 3598 2875 2701 3882 2830 3080 2763 3817 3008 3054 3242 4288 2748 3164 3395 2543 2731 2558 2188 2258 2695 2714 2890 2413 3128 2405 2633 1640 1271 1534 1464 1629 2011 2374 3500 3204 3427 4041 4064 3014
2682 2168 2206 3010 2836 3640 2877 2519 3310 3492 2115 2788 3404 3123 2582 3646 2800 3111 2446 4407 2879 2224 2898 2887 2586 3570 2838 3761 4166 3511 1739 3870 3451 2475 1864 2023 2921 3243 3041 2219 3257 1051 1646 1548 3133 2307 2375 1829 0 1372 4181 1275 2000 3161 3108 3246 3381 3711 3226 3488 3422 4200 3629 3946 3311 4195 3472 3298 4479 3427 3677 3420 4414 3605 3711 3839 4885 3294 3761 3992 3140 3328 3155 2785 2855 3292 3311 3487 3010 3725 3002 3066 2237 1928 2138 2061 2226 2608 2903 4097 3801 4024 4508 4661 3815
1910 1396 1434 2238 2064 2868 2105 1747 2538 2720 1343 2016 2632 2351 1810 2874 2028 2339 1674 3635 2107 1452 2126 2115 1814 2798 2066 2989 3394 2739 967 3098 2679 1703 1092 1251 2149 2471 2269 1447 2485 277 874 776 2361 1269 1376 573 1337 0 3182 492 1001 2389 2336 2474 2609 2939 2514 2776 2710 3488 2906 3234 2599 3483 2760 2586 3767 2715 2965 2648 3702 2893 2939 3127 4173 2633 3049 3280 2428 2616 2443 2073 2143 2580 2599 2775 2298 3013 2290 2518 1525 1156 1419 1349 1514 1896 2259 3385 3089 3312 3843 3949 2816
3349 3536 3184 3644 3465 4101 3544 3148 3770 3952 3286 3397 4071 3790 2921 4299 3467 3250 3113 5074 3387 3400 2867 3565 3215 4237 3505 4671 4651 4002 3775 4355 3925 3941 3900 3594 3395 4153 3967 3733 3731 3085 3682 3584 2117 3782 2534 3388 4145 3092 0 3307 2870 3071 3142 3330 3503 3660 3026 3250 3184 3962 3380 3708 3111 3957 3234 3060 4241 3189 3439 3542 4176 3367 3508 3601 4228 3107 3523 3754 2487 2675 1517 2585 2617 2639 3073 2834 2772 567 2764 2780 2704 3302 3048 2806 2427 2489 2719 3444 2444 3422 2369 4008 2813
1941 1427 1465 2269 2095 2899 2136 1778 2569 2751 1374 2047 2663 2382 1841 2905 2059 2370 1705 3666 2138 1483 2157 2146 1845 2829 2097 3020 3425 2770 998 3129 2710 1734 1123 1282 2180 2502 2300 1478 2516 231 905 807 2452 1422 1490 203 1291 487 3296 0 1115 2420 2367 2505 2640 2970 2545 2807 2741 3519 2937 3265 2630 3514 2791 2617 3798 2746 2996 2679 3733 2924 2970 3158 4204 2664 3080 3311 2459 2647 2474 2104 2174 2611 2630 2806 2329 3044 2321 2549 1556 1187 1450 1380 1545 1927 2290 3416 3120 3343 3957 3980 2930
2603 2089 2127 2931 2757 3561 2798 2440 3231 3413 2036 2709 3325 3044 2503 3567 2721 3032 2367 4328 2800 2145 2819 2808 2507 3491 2759 3682 4087 3432 1660 3791 3372 2396 1785 1944 2842 3164 2962 2140 3178 970 1567 1469 2085 1567 1123 1273 2030 977 2929 1192 0 3082 3029 3167 3302 3632 3207 3469 3403 4181 3599 3927 3292 4176 3453 3279 4460 3408 3658 3341 4395 3586 3632 3820 4866 3326 3742 3973 3121 3309 3136 2766 2836 3273 3292 3468 2991 3147 2983 3211 2218 1849 2112 2042 2207 2457 2952 4078 3665 4005 3590 4642 2563
1137 1580 1186 1778 780 2235 1033 809 1904 2086 1239 756 1981 1634 859 2157 828 260 1124 2918 479 1444 319 708 926 2081 1254 2805 2785 2136 1684 2489 2059 1966 1666 1547 1529 2287 2101 1710 1865 2318 2454 2054 3055 3465 3533 2623 3195 2519 3090 2542 3158 0 499 686 859 1148 721 1540 1384 1952 737 1698 805 1947 1212 1485 2174 1441 1429 898 2138 1160 1189 1591 2776 464 1904 1824 1993 2181 2008 969 1716 2145 1842 2340 1235 2578 1625 897 1860 1575 1422 1888 1583 2530 952 2950 2647 2877 3361 3514 4973
965 1538 1181 1543 897 2099 861 1110 1768 1818 1283 1045 1743 1462 1160 1985 656 549 1041 2746 358 1318 600 536 908 1909 1082 2702 2798 2000 1728 2470 1923 1943 1710 1591 1393 2184 1998 1735 1729 2362 2498 2098 3137 3509 3577 2667 3239 2563 3172 2586 3202 493 0 443 616 946 801 1284 1141 1696 817 1442 885 1691 969 1420 1918 1185 1173 655 1882 917 946 1335 2520 544 1648 1568 2075 2263 2090 1049 1874 2227 1697 2422 1315 2660 1784 979 1942 1876 1723 1940 1665 2612 1034 3032 2736 2959 3443 3596 5017
1015 1588 1231 1592 946 2148 910 1254 1817 1867 1333 1173 1792 1511 1298 2034 705 671 1091 2795 408 1368 788 586 958 1958 1132 2751 2847 2049 1778 2519 1972 1993 1760 1641 1442 2233 2047 1785 1778 2412 2548 2148 3325 3559 3627 2717 3289 2613 3360 2636 3252 681 443 0 360 690 914 1118 975 1530 1005 1276 777 1525 803 1254 1752 1019 1007 489 1716 751 780 1169 2354 732 1482 1402 2263 2451 2278 1237 1708 2415 1531 2610 1369 2848 1618 1167 2130 2064 1911 2128 1853 2800 1222 3220 2924 3147 3631 3784 5067
1146 1719 1362 1723 1077 2279 1041 1385 1948 1998 1464 1304 1923 1642 1429 2165 836 802 1222 2926 539 1499 963 717 1089 2089 1263 2882 2978 2180 1909 2650 2103 2124 1891 1772 1573 2364 2178 1916 1909 2543 2679 2279 3500 3690 3758 2848 3420 2744 3535 2767 3383 856 618 332 0 395 871 1075 932 1393 966 1233 734 1474 760 1211 1565 976 964 446 1529 708 592 1126 2167 907 1439 1359 2438 2626 2453 1225 1665 2590 1488 2785 1326 3023 1575 1288 2305 2169 2086 2303 2028 2975 1397 3395 3092 3322 3806 3959 5198
1467 2040 1683 2044 1398 2600 1362 1706 2269 2451 1785 1625 2244 1963 1750 2486 1157 1123 1543 3247 860 1820 1284 1038 1410 2410 1584 3203 3299 2501 2230 2971 2424 2445 2212 2093 1894 2685 2499 2237 2230 2864 3000 2600 3478 4011 4079 3169 3741 3065 3643 3088 3704 1177 939 653 390 0 787 993 849 1095 883 1151 651 1176 678 1129 1267 894 882 439 1231 625 294 1044 1869 956 1357 1277 2546 2734 2561 1142 1583 2698 1406 2893 1244 3131 1493 1205 2283 2490 2407 2385 2067 2953 1718 3503 3207 3430 3914 4067 5519
1600 1937 1585 2045 1377 2502 1496 1295 2171 2353 1687 1315 2378 2097 1345 2620 1291 857 1514 3381 993 1801 785 1171 1523 2544 1717 3072 3052 2403 2132 2756 2326 2342 2114 1995 1796 2554 2368 2134 2132 2357 2467 2328 2834 3504 3572 2662 3239 2558 2999 2581 3197 678 749 884 856 800 0 986 843 1398 640 1144 251 1393 671 1014 1620 887 875 687 1584 619 648 1037 2222 304 1350 1270 1902 2090 1917 498 1245 2054 1371 2249 764 2487 1154 561 1639 2061 1908 1741 1423 2309 1219 2859 2556 2786 3270 3423 5012
1869 2442 2085 2447 1801 3003 1764 2109 2672 2722 2187 2027 2647 2366 2152 2889 1559 1525 1945 3650 1262 2222 1649 1440 1812 2813 1986 3606 3702 2904 2632 3374 2827 2847 2614 2495 2297 3088 2902 2639 2633 2656 2766 2627 3133 3803 3871 2961 3538 2857 3277 2880 3496 1542 1341 1093 1065 1009 1000 0 528 1119 1095 865 863 1073 397 509 1312 453 596 896 1053 523 857 772 1524 1168 427 631 2180 2358 2195 1122 963 2332 477 2618 624 2765 733 1185 1938 2536 2282 2040 1661 2608 1850 3137 2841 3064 3548 3701 5311
1679 2252 1895 2257 1611 2813 1574 1919 2482 2532 1997 1837 2457 2176 1962 2699 1369 1335 1755 3460 1072 2032 1459 1250 1622 2623 1796 3416 3512 2714 2442 3184 2637 2657 2424 2305 2107 2898 2712 2449 2443 2577 2687 2548 3054 3724 3792 2882 3459 2778 3198 2801 3417 1352 1151 903 875 819 810 527 0 1089 905 835 673 1084 361 431 1368 316 566 706 1332 438 667 728 1924 978 892 1031 2101 2289 2116 1067 885 2253 788 2448 546 2686 794 1130 1859 2457 2203 1961 1582 2529 1795 3058 2755 2985 3469 3622 5232
2297 2926 2569 2875 2229 3431 2192 2593 3100 3150 2671 2455 3075 2794 2636 3317 1987 1953 2373 4078 1690 2650 2077 1868 2240 3241 2414 4034 4130 3332 3116 3802 3255 3275 3042 2923 2725 3516 3330 3067 3061 3428 3538 3430 3905 4575 4643 3733 4310 3629 4049 3652 4268 1970 1769 1521 1456 1130 1428 1144 1115 0 1523 291 1291 441 830 1281 705 1046 634 1324 669 951 841 733 1307 1596 1493 854 2952 2751 2967 1782 1735 2915 1557 2871 1396 3537 1645 1845 2710 3353 3054 2812 2433 3380 2510 3547 3613 3525 4320 4111 6083
1636 1973 1621 2081 1413 2538 1532 1331 2207 2389 1723 1351 2414 2133 1381 2656 1327 893 1550 3417 1029 1837 821 1207 1559 2580 1753 3108 3088 2439 2168 2792 2362 2378 2150 2031 1832 2590 2404 2170 2168 2802 2938 2538 3244 3949 4017 3107 3679 3003 3393 3026 3642 714 785 969 941 885 661 1071 928 1483 0 1229 589 1478 756 1207 1705 972 960 772 1669 704 733 1122 2307 403 1435 1355 2296 2484 2311 908 1661 2448 1484 2643 1174 2881 1571 971 2049 2097 1944 2161 1833 2719 1255 3253 2950 3180 3664 3817 5457
2004 2577 2220 2582 1936 3138 1899 2244 2807 2857 2322 2162 2782 2501 2287 3024 1694 1660 2080 3785 1397 2357 1784 1575 1947 2948 2121 3741 3837 3039 2767 3509 2962 2982 2749 2630 2432 3223 3037 2774 2768 3135 3245 3137 3612 4282 4350 3440 4017 3336 3756 3359 3975 1677 1476 1228 1200 1192 1135 851 822 253 1230 0 998 483 537 988 869 753 341 1031 833 658 903 462 1471 1303 1215 695 2659 2847 2674 1489 1442 2811 1264 3006 1103 3244 1352 1552 2417 3060 2761 2519 2140 3087 2217 3616 3320 3543 4027 4180 5790
1531 2105 1748 2109 1463 2605 1427 1398 2274 2456 1850 1418 2309 2028 1448 2551 1222 960 1608 3312 925 1885 888 1103 1474 2475 1648 3175 3155 2506 2235 2859 2429 2510 2217 2158 1899 2657 2471 2302 2235 2452 2562 2423 2929 3599 3667 2757 3334 2653 3094 2676 3292 781 852 755 727 671 239 857 714 1269 586 1015 0 1264 542 993 1491 758 746 558 1455 490 519 908 2093 407 1221 1141 1997 2185 2012 593 1447 2149 1270 2344 859 2582 1249 656 1734 2164 2011 1836 1518 2404 1321 2954 2651 2881 3365 3518 5107
2251 2824 2467 2829 2183 3385 2146 2491 3054 3104 2569 2409 3029 2748 2534 3271 1941 1907 2327 4032 1644 2604 2031 1822 2194 3195 2368 3988 4084 3286 3014 3756 3209 3229 2996 2877 2679 3470 3284 3021 3015 3382 3492 3384 3859 4529 4597 3687 4264 3583 4003 3606 4222 1924 1723 1475 1534 1208 1382 1049 1069 389 1477 475 1245 0 784 1235 703 1000 589 1278 553 905 919 453 1212 1550 1092 453 2906 2656 2921 1736 1689 2820 1462 2776 1350 3491 1599 1799 2664 3274 3008 2766 2387 3334 2464 3452 3560 3430 4274 4016 6037
1598 2171 1814 2176 1530 2732 1493 1838 2401 2451 1916 1756 2376 2095 1881 2618 1288 1254 1674 3379 991 1951 1378 1169 1541 2542 1715 3335 3431 2633 2361 3103 2556 2576 2343 2224 2026 2817 2631 2368 2362 2689 2799 2660 3166 3836 3904 2994 3571 2890 3310 2913 3529 1271 1070 822 794 738 729 357 376 848 824 594 592 843 0 542 1127 307 325 625 1091 253 586 487 1634 897 721 741 2213 2401 2228 1083 996 2365 770 2560 657 2798 906 1146 1971 2654 2315 2073 1694 2641 1811 3170 2867 3097 3581 3734 5344
1975 2548 2191 2553 1907 3109 1870 2016 2778 2828 2293 2036 2753 2472 1800 2995 1665 1631 2051 3756 1368 2328 1506 1546 1918 2919 2092 3558 3538 3010 2642 3242 2933 2953 2720 2481 2403 3040 2854 2745 2739 2480 2590 2451 2957 3627 3695 2785 3362 2681 3101 2704 3320 1399 1447 1199 1171 1115 958 513 447 1225 1201 971 969 1220 497 0 1504 452 702 1002 1439 630 963 864 1910 1026 853 1017 2004 2192 2019 946 788 2156 357 2351 449 2589 586 1009 1762 2360 2106 1864 1485 2432 1674 2961 2665 2888 3372 3525 5135
2501 3074 2717 3079 2433 3635 2397 2741 3304 3354 2819 2659 3279 2998 2784 3521 2192 2157 2577 4282 1894 2854 2281 2072 2444 3445 2618 4238 4334 3536 3264 4006 3459 3479 3246 3127 2929 3720 3534 3271 3265 3662 3772 3634 4139 4809 4877 3967 4544 3863 4283 3886 4502 2174 1973 1725 1604 1278 1631 1330 1349 690 1727 871 1495 692 1064 1515 0 1280 906 1528 361 1185 989 989 741 1800 1373 735 2983 2185 3201 1986 1969 2349 1743 2305 1630 3771 1879 2049 2944 3524 3288 3046 2667 3614 2714 2981 3287 2959 4053 3545 6317
1754 2327 1970 2332 1686 2888 1649 1994 2557 2607 2072 1912 2532 2251 2037 2774 1444 1410 1830 3535 1147 2107 1534 1325 1697 2698 1871 3491 3587 2789 2517 3259 2712 2732 2499 2380 2182 2973 2787 2524 2518 2622 2732 2593 3099 3769 3837 2927 3504 2823 3243 2846 3462 1427 1226 978 950 894 885 488 310 1004 980 750 748 999 276 475 1283 0 481 781 1247 409 742 643 1868 1053 853 975 2146 2334 2161 1088 929 2298 832 2493 590 2731 839 1151 1904 2502 2248 2006 1627 2574 1816 3103 2800 3030 3514 3667 5277
1733 2306 1949 2311 1665 2867 1628 1973 2536 2586 2051 1891 2511 2230 2016 2753 1423 1389 1809 3514 1126 2086 1513 1304 1676 2677 1850 3470 3566 2768 2496 3238 2691 2711 2478 2359 2161 2952 2766 2503 2497 2864 2974 2866 3341 4011 4079 3169 3746 3065 3485 3088 3704 1406 1205 957 929 873 864 580 551 599 959 345 727 594 266 717 915 482 0 760 879 387 667 238 1364 1032 944 472 2388 2576 2403 1218 1171 2540 993 2735 832 2973 1081 1281 2146 2756 2490 2248 1869 2816 1946 3345 3042 3272 3756 3909 5519
1250 1823 1466 1828 1182 2384 1145 1490 2053 2103 1568 1408 2028 1747 1533 2270 940 906 1326 3031 643 1603 1067 821 1193 2194 1367 2987 3083 2285 2013 2755 2208 2228 1995 1876 1678 2469 2283 2020 2014 2647 2783 2383 3203 3794 3862 2952 3524 2848 3368 2871 3487 960 722 473 445 447 513 717 574 1129 608 875 376 1124 402 853 1351 618 606 0 1315 350 379 768 1953 681 1081 1001 2271 2459 2286 867 1307 2423 1130 2618 968 2856 1217 930 2008 2273 2190 2110 1792 2678 1501 3228 2932 3155 3639 3792 5302
2478 3051 2694 3056 2410 3612 2374 2718 3281 3331 2796 2636 3256 2975 2761 3498 2169 2134 2554 4259 1871 2831 2258 2049 2421 3422 2595 4215 4311 3513 3241 3983 3436 3456 3223 3104 2906 3697 3511 3248 3242 3577 3687 3548 4054 4724 4792 3882 4459 3778 4198 3801 4417 2151 1950 1702 1581 1255 1608 1031 1326 667 1704 848 1472 572 1041 1431 330 1257 883 1505 0 1162 966 739 660 1777 1074 436 2902 2104 3116 1963 1885 2268 1444 2224 1546 3686 1700 2026 2859 3501 3203 2961 2582 3529 2691 2900 3206 2878 3972 3464 6232
1496 2069 1712 2074 1428 2630 1391 1736 2299 2349 1814 1654 2274 1993 1779 2516 1186 1152 1572 3277 889 1849 1276 1067 1439 2440 1613 3233 3329 2531 2259 3001 2454 2474 2241 2122 1924 2715 2529 2266 2260 2794 2904 2629 3271 3941 4009 3099 3676 2995 3415 3018 3634 1169 968 720 692 636 627 511 433 923 722 669 490 918 196 647 1202 412 400 523 1166 0 484 562 1687 795 875 795 2318 2506 2333 981 1101 2470 924 2665 762 2903 1011 1044 2076 2519 2399 2178 1799 2746 1709 3275 2972 3202 3686 3839 5449
1510 2083 1726 2088 1442 2644 1406 1750 2313 2363 1828 1668 2288 2007 1793 2530 1201 1166 1586 3291 903 1863 1290 1081 1453 2454 1627 3247 3343 2545 2273 3015 2468 2488 2255 2136 1938 2729 2543 2280 2274 2907 3043 2643 3331 4054 4122 3212 3784 3108 3496 3131 3747 1183 982 734 613 287 640 846 702 799 736 872 504 880 531 982 971 747 625 537 935 478 0 809 1573 809 1210 1042 2399 2587 2414 995 1436 2551 1259 2746 1097 2984 1346 1058 2136 2533 2413 2238 1920 2806 1723 3356 3053 3283 3767 3920 5562
1924 2497 2140 2502 1856 3058 1819 2164 2727 2777 2242 2082 2702 2421 2207 2944 1614 1580 2000 3705 1317 2277 1704 1495 1867 2868 2041 3661 3757 2959 2687 3429 2882 2902 2669 2550 2352 3143 2957 2694 2688 3055 3165 3057 3532 4202 4270 3360 3937 3256 3676 3279 3895 1597 1396 1148 1120 1064 1055 728 742 767 1150 479 918 537 457 908 1067 673 262 951 815 578 858 0 1286 1223 1033 394 2579 2767 2594 1409 1362 2731 1141 2926 1023 3164 1272 1472 2337 2947 2681 2439 2060 3007 2137 3536 3233 3463 3947 4100 5710
3041 3614 3257 3619 2973 4175 2936 3281 3844 3894 3359 3199 3819 3538 3324 4061 2731 2697 3117 4822 2434 3394 2821 2612 2984 3985 3158 4778 4874 4076 3804 4546 3999 4019 3786 3667 3469 4260 4074 3811 3805 4041 4151 4012 4518 5188 5256 4346 4923 4242 4156 4265 4881 2714 2513 2265 2191 1865 2172 1534 1859 1277 2267 1458 2035 1326 1574 1934 761 1790 1379 2068 681 1695 1576 1242 0 2340 1577 939 2530 1768 3074 2526 2388 1932 1947 1888 2049 3644 2203 2589 3323 3921 3667 3425 3046 3993 3338 2564 2870 2542 3636 3128 5793
1397 1734 1382 1842 1174 2299 1293 1092 1968 2150 1484 1112 2175 1894 1142 2417 1088 654 1311 3178 790 1598 582 968 1340 2341 1514 2869 2849 2200 1929 2553 2123 2139 1911 1792 1593 2351 2165 1931 1929 2437 2547 2299 2914 3584 3652 2742 3319 2638 3079 2661 3277 475 546 733 906 963 331 1149 1006 1561 436 1307 414 1556 834 1094 1783 1050 1038 850 1747 782 811 1200 2385 0 1513 1433 1982 2170 1997 578 1325 2134 1451 2329 844 2567 1234 641 1719 1858 1705 1821 1503 2389 1016 2939 2643 2866 3350 3503 5092
2195 2768 2411 2773 2127 3329 2090 2435 2998 3048 2513 2353 2973 2692 2478 3215 1885 1851 2271 3976 1588 2548 1975 1766 2138 3139 2312 3932 4028 3230 2958 3700 3153 3173 2940 2821 2623 3414 3228 2965 2959 2919 3029 2890 3396 4066 4134 3224 3801 3120 3540 3143 3759 1868 1667 1419 1391 1335 1326 420 885 1431 1421 1191 1189 1081 723 829 1320 809 922 1222 1061 849 1183 958 1532 1494 0 639 2443 2013 2458 1478 1102 2147 591 2273 981 3028 847 1541 2201 2799 2545 2303 1924 2871 2206 3400 3097 3327 3811 3964 5574
2117 2690 2333 2695 2049 3251 2012 2357 2920 2970 2435 2275 2895 2614 2400 3137 1807 1773 2193 3898 1510 2470 1897 1688 2060 3061 2234 3854 3950 3152 2880 3622 3075 3095 2862 2743 2545 3336 3150 2887 2881 3156 3266 3127 3633 4303 4371 3461 4038 3357 3777 3380 3996 1790 1589 1341 1313 1257 1248 610 935 791 1343 672 1111 441 650 1010 679 866 455 1144 420 771 1051 318 891 1416 653 0 2680 2335 2695 1602 1464 2499 1023 2455 1125 3265 1279 1665 2438 3036 2782 2540 2161 3108 2330 3131 3334 3109 4048 3695 5811
2367 2554 2202 2662 2483 3119 2562 2166 2788 2970 2304 2415 3089 2808 1939 3317 2485 2268 2131 4092 2405 2418 1885 2583 2233 3255 2523 3689 3669 3020 2602 3373 2943 2959 2731 2612 2413 3171 2985 2751 2749 2440 2550 2411 2917 3587 3666 2745 3322 2641 2601 2664 3280 2089 2160 2348 2521 2678 2044 2268 2202 2980 2398 2726 2129 2975 2252 2078 2864 2207 2457 2560 2784 2385 2526 2619 2434 2125 2541 2772 0 759 1473 1603 1635 999 2091 918 1790 2089 1782 1798 1722 2320 2066 1824 1445 2392 1737 1647 660 1509 1812 2211 3945
2471 2658 2306 2766 2587 3223 2666 2270 2892 3074 2408 2519 3193 2912 2043 3421 2589 2372 2235 4196 2509 2522 1989 2687 2337 3359 2627 3793 3773 3124 2706 3477 3047 3063 2835 2716 2517 3275 3089 2855 2853 2544 2654 2515 3021 3691 3759 2849 3426 2745 2659 2768 3384 2193 2264 2452 2625 2782 2148 2329 2306 2697 2502 2830 2233 2746 2356 2182 2181 2311 2561 2664 2101 2489 2630 2723 1751 2229 1995 2359 834 0 1577 1707 1739 494 2195 352 1894 2147 1886 1902 1826 2424 2170 1928 1549 2496 1841 1734 1314 1551 2080 2298 4237
2294 2481 2129 2589 2410 3046 2489 2093 2715 2897 2231 2342 3016 2735 1866 3244 2412 2195 2058 4019 2332 2345 1812 2510 2160 3182 2450 3616 3596 2947 2529 3300 2870 2886 2658 2539 2340 3098 2912 2678 2676 2367 2477 2338 2844 3514 3728 2672 3249 2568 1537 2591 3207 2016 2087 2275 2448 2605 1971 2195 2129 2907 2325 2653 2056 2902 2179 2005 3186 2134 2384 2487 3121 2312 2453 2546 3173 2052 2468 2699 1432 1620 0 1530 1562 1584 2018 1779 1717 1025 1709 1725 1649 2247 1993 1751 1372 2319 1664 2389 2086 2316 2750 2953 4007
1653 1794 1442 1902 1654 2359 1800 1337 2028 2210 1544 1563 2375 2094 1111 2557 1595 1161 1371 3378 1297 1658 1033 1475 1404 2541 1809 2929 2909 2260 1989 2613 2183 2199 1971 1852 1653 2411 2225 1991 1989 1935 2045 1906 2412 3082 3150 2240 2817 2136 2577 2159 2775 982 1053 1259 1231 1175 541 1204 1107 1773 944 1519 626 1768 1046 1014 1995 1143 1250 1062 1959 994 1023 1412 2597 609 1569 1645 1480 1668 1495 0 1028 1632 1371 1827 764 2065 1154 381 1217 1828 1561 1319 1001 1887 908 2437 2141 2364 2848 3001 4590
2146 2333 1981 2441 2345 2898 2308 1945 2567 2749 2083 2194 2868 2587 1718 3096 2103 1829 1910 3871 1806 2197 1664 1984 2012 3034 2302 3468 3448 2799 2217 3152 2722 2738 2342 2391 2192 2950 2764 2530 2528 2055 2165 2026 2532 3202 3270 2360 2937 2256 2676 2279 2895 1650 1721 1637 1609 1553 1209 951 885 1663 1639 1409 1294 1658 935 761 1942 890 1140 1440 1877 1068 1401 1302 2348 1277 1085 1455 1579 1767 1594 1051 0 1731 635 1926 473 2164 306 1260 1337 1935 1681 1439 1060 2007 1516 2536 2233 2463 2947 3100 4710
2310 2497 2145 2605 2426 3062 2505 2109 2731 2913 2247 2358 3032 2751 1882 3260 2428 2211 2074 4035 2348 2361 1828 2526 2176 3198 2466 3632 3612 2963 2545 3316 2886 2902 2674 2555 2356 3114 2928 2694 2692 2383 2493 2354 2860 3530 3598 2688 3265 2584 2498 2607 3223 2032 2103 2291 2464 2621 1987 2211 2145 2872 2341 2669 2072 2921 2195 2021 2356 2150 2400 2503 2276 2328 2469 2562 1926 2068 2143 2534 872 482 1416 1546 1578 0 2034 743 1733 1986 1725 1741 1665 2263 2009 1767 1388 2335 1680 1983 1533 1813 2357 2547 4490
2288 2745 2393 2853 2220 3310 2183 2357 2979 3161 2495 2349 3066 2785 2130 3308 1978 1944 2322 4069 1681 2609 1819 1859 2231 3232 2405 3880 3860 3211 2629 3564 3134 3150 2754 2803 2604 3362 3176 2942 2940 2467 2577 2438 2944 3614 3682 2772 3349 2668 3088 2691 3307 1712 1760 1512 1484 1428 1271 471 760 1538 1514 1284 1282 1450 810 313 1689 765 1015 1315 1430 943 1276 1149 1901 1339 592 1008 1991 2179 2006 1259 650 2143 0 2338 615 2576 395 1322 1749 2347 2093 1851 1472 2419 1928 2948 2645 2875 3359 3512 5122
2630 2817 2465 2925 2746 3382 2825 2429 3051 3233 2567 2678 3352 3071 2202 3580 2748 2531 2394 4355 2668 2681 2148 2846 2496 3518 2786 3952 3932 3283 2865 3636 3206 3222 2994 2875 2676 3434 3248 3014 3012 2703 2813 2674 3180 3850 3918 3008 3585 2904 2818 2927 3543 2352 2423 2611 2784 2941 2307 2531 2465 2850 2661 2989 2392 2899 2515 2341 2334 2470 2720 2823 2254 2648 2789 2882 1904 2388 2258 2512 993 339 1736 1866 1898 757 2354 0 2053 2306 2045 2061 1985 2583 2329 2087 1708 2655 2000 1809 1473 1639 2239 2373 4396
2090 2201 1849 2309 1876 2766 1985 1794 2435 2617 1951 1814 2736 2455 1578 2964 1780 1356 1778 3739 1483 2065 1284 1661 2033 3034 2207 3336 3316 2667 2335 3020 2590 2606 2460 2259 2060 2818 2632 2398 2396 2173 2283 2144 2650 3320 3388 2478 3055 2374 2794 2397 3013 1177 1248 1314 1286 1230 736 628 563 1340 1139 1086 821 1335 612 439 1619 567 817 1117 1554 745 1078 979 2025 804 993 1132 1697 1885 1712 724 481 1849 627 2044 0 2282 390 787 1455 2053 1799 1557 1178 2125 1452 2654 2358 2581 3065 3218 4828
2829 3016 2664 3124 2945 3581 3024 2628 3250 3432 2766 2877 3551 3270 2401 3779 2947 2730 2593 4554 2867 2880 2347 3045 2695 3717 2985 4151 4131 3482 3064 3835 3405 3421 3193 3074 2875 3633 3447 3213 3211 2902 3012 2873 3379 4083 2835 3207 3784 3103 644 3126 3171 2551 2622 2810 2983 3140 2506 2730 2664 3442 2860 3188 2591 3437 2714 2540 3721 2669 2919 3022 3656 2847 2988 3081 3708 2587 3003 3234 1967 2155 997 2065 2097 2119 2553 2314 2252 0 2244 2260 2184 2782 2528 2286 1907 2854 2199 2924 2025 2851 1978 3488 3114
2341 2519 2167 2627 2273 3084 2236 2131 2753 2935 2269 2216 3054 2773 1904 3282 2031 1758 2096 4057 1734 2383 1686 1912 2259 3220 2458 3654 3634 2985 2403 3338 2908 2924 2528 2577 2378 3136 2950 2716 2714 2241 2351 2212 2718 3388 3456 2546 3123 2442 2862 2465 3081 1579 1650 1565 1537 1481 1138 730 814 1591 1567 1337 1223 1586 863 639 1870 818 1068 1368 1688 996 1329 1230 2159 1206 851 1266 1765 1953 1780 1126 353 1917 401 2112 402 2350 0 1189 1523 2121 1867 1625 1246 2193 1702 2722 2426 2649 3133 3286 4896
1266 1453 1101 1561 1374 2018 1461 1057 1687 1869 1203 1222 1988 1707 830 2216 1384 1075 1030 2991 1212 1317 692 1390 1124 2154 1422 2588 2568 1919 1648 2272 1842 1858 1630 1511 1312 2070 1884 1650 1648 2282 2418 2018 2717 3429 3497 2587 3159 2483 2873 2506 3122 896 967 1155 1300 1244 610 1273 1176 1842 1013 1588 695 1837 1115 1083 2064 1212 1319 1131 2028 1063 1092 1481 2666 678 1638 1714 1776 1964 1791 381 1314 1928 1440 2123 833 2361 1223 0 1522 1547 1393 1610 1306 2192 704 2733 2437 2660 3144 3297 4937
2086 1956 1921 2381 2202 2838 2281 1885 2507 2689 1903 2134 2808 2527 1658 3036 2204 1987 1850 3811 2124 2012 1604 2302 1952 2974 2242 3408 3388 2739 1527 3092 2662 2263 1652 1811 2132 2890 2704 2007 2468 1365 1475 1336 1305 2512 2580 1670 2247 1566 2616 1589 2205 1808 1879 2067 2240 2239 1605 1867 1801 2579 2008 2325 1690 2574 1851 1677 2858 1806 2056 2126 2793 1984 2087 2218 3264 1673 2140 2371 1519 1707 1534 1164 1234 1671 1690 1866 1389 2104 1381 1445 0 1245 991 753 352 780 1346 2476 2173 2403 2887 3040 4020
1406 892 930 1734 1560 2364 1601 1243 2034 2216 839 1512 2128 1847 1306 2370 1524 1732 1170 3131 1603 948 1343 1611 1310 2294 1562 2485 2890 2252 462 2594 2175 1198 587 746 1645 1967 1764 942 1981 1022 1158 758 2207 2169 2237 1327 1899 1223 3296 1246 1862 1605 1884 1970 2105 2394 2106 2547 2481 3185 2122 2931 2190 3180 2458 2357 3407 2486 2662 2144 3371 2406 2435 2824 4009 1849 2820 3051 2199 2387 2214 1813 1914 2351 2370 2546 2069 2784 2061 1648 1296 0 294 828 1285 1682 1135 3156 2860 3083 3567 3720 3677
1601 1087 1125 1929 1700 2559 1796 1383 2229 2411 1034 1652 2323 2042 1156 2565 1719 1566 1365 3326 1785 1143 1177 1806 1450 2489 1757 2680 3085 2447 657 2789 2370 1393 782 941 1840 2162 1959 1137 2176 1290 1425 1026 1950 2437 2505 1595 2167 1491 3039 1514 2130 1439 1718 1906 2079 2368 1940 2290 2224 3002 1956 2748 2024 2997 2274 2100 3281 2229 2479 2118 3216 2392 2421 2641 3687 1683 2563 2794 1942 2130 1957 1647 1657 2094 2113 2289 1812 2527 1804 1482 1039 309 0 571 1028 1425 970 2899 2596 2826 3310 3463 3945
2122 1635 1673 2477 2123 2967 2317 1806 2636 2818 1582 2075 2844 2563 1579 3086 2240 1989 1930 3847 2161 1691 1600 2339 1873 3010 2278 3279 3517 2868 1205 3221 2791 1941 1330 1489 2261 2710 2507 1685 2597 1228 1338 1199 1827 2375 2443 1533 2110 1429 2799 1452 2068 1845 1916 2104 2277 2421 1787 2049 1983 2761 2154 2507 1872 2756 2033 1859 3040 1988 2238 2316 2975 2166 2269 2400 3446 1881 2322 2553 1702 1890 1717 1346 1417 1854 1872 2049 1571 2287 1564 1588 792 858 605 0 788 1302 1121 2659 2356 2586 3070 3223 3883
1807 1994 1642 2102 1923 2559 2002 1606 2228 2410 1744 1855 2529 2248 1379 2757 1925 1708 1571 3532 1845 1858 1325 2023 1673 2695 1963 3129 3109 2460 1542 2813 2383 2278 1667 1826 1853 2611 2425 2022 2189 1380 1490 1351 1693 2527 2595 1685 2262 1581 2337 1604 2220 1529 1600 1788 1961 2050 1416 1588 1522 2300 1819 2046 1501 2295 1572 1398 2579 1527 1777 1937 2514 1705 1898 1939 2985 1484 1861 2092 1240 1428 1255 975 955 1392 1411 1587 1110 1825 1102 1238 388 1260 1006 764 0 1168 1177 2197 1894 2124 2608 2761 4035
2845 2333 2371 3140 3009 3597 3040 2692 3266 3448 2280 2961 3567 3286 2465 3795 2963 2746 2609 4570 2883 2389 2363 3061 2759 3733 3001 3926 4147 3498 1904 3851 3421 2640 2029 2188 2891 3408 3206 2384 3227 1742 1852 1713 525 2889 2587 2047 2624 1943 2460 1966 2348 2567 2638 2826 2999 2997 2363 2625 2559 3337 2766 3083 2448 3332 2609 2435 3616 2564 2814 2884 3551 2742 2845 2976 4022 2431 2898 3129 2278 2466 2293 1922 1992 2430 2448 2625 2147 2863 2139 2203 793 1664 1410 1275 1145 0 2045 3235 2932 3162 3646 3799 3508
1356 1510 1225 1618 1357 2075 1551 1040 1744 1926 1278 1309 2078 1797 813 2273 1474 1132 1087 3081 1269 1374 749 1447 1107 2244 1512 2645 2625 1976 1463 2329 1899 2005 1588 1503 1369 2127 1941 1749 1705 2096 2092 1832 2491 3243 3311 2401 2973 2297 2721 2320 2936 953 1024 1212 1385 1674 1246 1915 1818 2484 1262 2230 1337 2479 1757 1725 2706 1854 1961 1424 2670 1705 1734 2123 3308 989 2280 2356 1624 1812 1639 855 1404 1776 1860 1971 1475 2209 1551 696 1411 1116 962 1159 1214 1966 0 2581 2285 2508 2992 3145 4751
3201 3388 3036 3496 3317 3953 3396 3000 3622 3804 3138 3249 3923 3642 2773 4151 3319 3102 2965 4928 3239 3252 2719 3417 3067 4089 3357 4525 4503 3854 3436 4207 3777 3795 3565 3446 3249 4005 3819 3585 3583 3274 3384 3245 3751 4421 4489 3579 4153 3475 3389 3498 4114 2923 2994 3182 3355 3512 2878 3102 3036 3439 3232 3560 2963 3486 3086 2912 2921 3041 3291 3394 2841 3219 3360 3402 2491 2959 3375 3099 1648 1683 2307 2437 2469 1956 2925 1738 2624 2877 2616 2632 2556 3154 2900 2658 2279 3226 2571 0 2020 647 2786 1233 4943
2925 3112 2760 3220 3041 3677 3120 2724 3346 3528 2862 2973 3647 3366 2497 3875 3043 2826 2689 4650 2963 2976 2443 3141 2791 3813 3081 4247 4227 3578 3160 3931 3501 3517 3289 3170 2971 3729 3543 3309 3307 2998 3108 2969 3475 4145 3280 3303 3880 3199 2448 3222 3616 2647 2718 2906 3079 3226 2602 2826 2760 3538 2956 3284 2687 3533 2810 2636 3289 2765 3015 3118 3209 2943 3084 3177 2859 2683 3099 3330 729 1310 2031 2161 2193 1600 2649 1469 2348 2104 2340 2356 2280 2878 2624 2382 2003 2950 2295 2030 0 1873 1402 2236 3559
3223 3410 3047 3518 3339 3975 3407 3022 3644 3826 3160 3260 3945 3664 2795 4173 3341 3124 2976 4948 3250 3263 2730 3439 3089 4100 3368 4545 4525 3876 3458 4229 3799 3815 3576 3457 3269 4027 3830 3607 3605 3285 3406 3267 3762 4432 4500 3590 4173 3486 3411 3509 4136 2945 3016 3193 3377 3524 2889 3124 3058 3459 3243 3582 2974 3508 3108 2934 2943 3063 3313 3416 2863 3241 3382 3424 2513 2981 3397 3121 1626 1555 2329 2459 2491 1848 2947 1630 2646 2899 2638 2643 2581 3165 2911 2680 2301 3237 2593 702 1886 0 2652 1211 4809
3576 3763 3411 3871 3692 4328 3771 3375 3997 4179 3513 3624 4298 4017 3148 4526 3694 3477 3340 5301 3614 3627 3094 3792 3442 4464 3732 4898 4878 4229 3811 4582 4152 4168 3940 3821 3622 4380 4194 3960 3958 3755 3759 3620 4131 4452 3204 4058 4531 3762 2372 3977 3540 3298 3369 3557 3730 3887 3253 3477 3411 4189 3607 3935 3338 4184 3461 3287 4038 3416 3666 3769 3958 3594 3735 3828 3608 3334 3750 3981 1880 2059 2771 2812 2844 2369 3300 2218 2999 2028 2991 3007 2931 3529 3275 3033 2654 3601 2946 2779 1397 2622 0 2977 3483
3886 4073 3721 4181 4002 4638 4081 3685 4307 4489 3823 3934 4608 4327 3458 4836 4004 3787 3650 5611 3924 3937 3404 4102 3752 4774 4042 5208 5188 4539 4121 4892 4462 4478 4250 4131 3932 4690 4504 4270 4268 3959 4069 3930 4436 5106 4550 4264 4841 4160 3961 4183 4885 3608 3679 3867 4040 4197 3563 3787 3721 4122 3917 4245 3648 4171 3771 3597 3606 3726 3976 4079 3526 3904 4045 4138 3176 3644 4060 3784 2333 2368 2992 3122 3154 2641 3610 2423 3309 3562 3301 3317 3241 3839 3585 3343 2964 3911 3256 1365 2149 1301 2957 0 4813
4392 3878 3916 4720 4546 5350 4587 4229 5020 5202 3825 4498 5114 4833 4292 5356 4510 4821 4156 6117 4589 3934 4608 4597 4296 5280 4548 5471 5876 5221 3449 5580 5161 4185 3574 3733 4631 4953 4751 3929 4967 2759 3356 3258 3135 3456 2168 3062 3819 2766 2831 2981 2544 4871 4818 4956 5091 5380 4996 5258 5192 5970 5388 5716 5081 5965 5242 5068 6249 5197 5447 5130 6184 5375 5421 5609 5778 5115 5531 5762 4035 4229 4000 4555 4625 4539 5081 4388 4780 3049 4844 4836 4007 3638 3901 3831 3996 3507 4741 4949 3567 4792 3492 4855 0
