0 1045 3970 2162 1908 1967 1963 1264 993 846 1834 645 2328 1410 1461 1181 2007 1419 1791 2209 1614 1097 1366 1871 1280 2369 1495 1388 1365 1714 2444 3162 3115 2550 3315 2639 3029 2089 2604 2982 2323 2817 2272 3150 2652 3687 3738 3254 3546 3614 3302 3442 4011 3009 2987 3021 2060 2409 3379 3085 3101 3079 4175 3290 3130 1923 2770 3194 3060 3180 3272 2257 1905 1170 3206 3124 3462 2526 4158 4107 4237 3606 5018 5307 4295 4681 5267 5074 4619 4103 5121 4558 4307 4643 3954 3923 3965 3501 3260 3517 4001 3481 3170
1046 0 4447 2639 2561 1698 2616 1741 1646 1336 1033 1162 1701 2063 1882 1834 2660 1840 990 2388 2091 1770 1217 1722 1131 2220 1346 1239 1216 1565 2921 3639 2314 1749 3792 2982 2228 2566 3081 3459 2800 3294 2749 2729 3117 3538 3680 3196 3002 3723 3779 3384 3953 2668 2838 2963 1911 2260 3230 2936 2952 3021 4026 3232 2981 1582 2621 3136 2911 3031 3214 2108 1756 892 3057 2975 3313 2377 4009 3958 4088 3457 4869 5158 4146 4532 5118 4925 4470 3954 4972 4409 4158 4494 3805 3880 3907 3352 3111 3459 4074 3332 3021
4135 4617 0 3874 4408 3888 4462 3000 3701 3585 4473 4009 4249 4138 4750 3889 3982 4414 4228 4157 3566 4153 5189 5674 5083 6192 5298 5211 5188 5537 3174 3595 4276 4219 2750 3226 4502 3189 3108 1987 3219 2773 3104 4043 3372 3979 4310 4149 4383 3880 3292 4603 4446 4456 4247 4281 4702 4710 4879 4917 4988 4339 6259 4550 4427 5096 5306 4279 4755 4762 4532 5229 5167 4993 5830 5747 6085 5150 6049 5312 5579 5360 6359 6418 5411 7072 6259 6185 7242 5219 6045 5669 5423 5719 5551 4361 4204 4820 4730 4777 4071 4754 4904
2176 2658 3704 0 2677 1466 2732 1204 1762 1626 1967 2070 1827 2179 2791 1950 2818 2455 2173 1403 895 2194 3230 3735 3144 4233 3359 3252 3229 3578 1540 2258 2200 1489 2411 1735 2704 1184 1700 2922 1419 1776 1368 2245 1747 2881 3476 2989 3223 2710 2398 3443 3472 3296 3087 3121 3542 3550 3802 3850 3862 3179 5099 3390 3267 3061 4146 3119 3781 3602 3372 4121 3769 2905 4670 4587 4925 3990 4983 4338 4605 4386 5385 5444 4437 5971 5285 5211 6082 4245 5071 4695 4449 4745 4577 3387 3230 3846 3756 3617 3097 3673 3930
1986 2599 4489 2783 0 2588 404 1884 1213 1406 3023 1591 2949 800 1176 1611 950 752 2778 2830 2235 1356 2860 3297 2774 3268 2989 2882 2859 3032 3065 3783 3726 3025 3936 3260 4218 2710 3225 3438 2944 3438 2893 3771 3273 4406 5064 4514 4748 4235 3923 4936 4997 4503 4584 4515 3554 3903 4785 4491 4507 4573 5581 4834 4596 3417 4176 4644 4466 4586 4865 3400 3399 2664 3957 4428 4766 3932 5564 5513 5643 5012 6424 6713 5701 5985 6673 6480 5923 5509 6527 5964 5713 6049 5360 4912 4755 4907 4666 5009 4622 4887 4576
1953 1673 3665 1463 2454 0 2509 959 1539 1403 1239 1847 361 1956 2568 1727 2595 2232 994 690 949 1971 2636 3141 2550 3639 2541 2658 2635 2984 1780 2498 2520 1633 2651 1975 2434 1424 1940 2677 1659 2153 1608 2485 1987 3121 3716 3229 3208 2950 2638 3685 3712 2969 3329 3264 3101 3109 3914 3841 3857 3322 5166 3533 3509 1882 3934 3437 3815 3714 3515 3527 3175 1726 4370 4287 4625 3690 5050 4578 4845 4510 5625 5684 4677 5844 5525 5451 5782 4485 5311 4935 4689 4985 4817 3627 3470 4072 4016 3760 3337 3816 3925
1976 2529 4479 2773 466 2578 0 1874 1203 1396 3013 1581 2939 790 1166 1601 940 742 2768 2820 2225 1346 2850 3287 2764 3258 2979 2872 2849 3022 3055 3773 3716 3015 3926 3250 4208 2700 3215 3428 2934 3428 2883 3761 3263 4396 5054 4504 4738 4225 3913 5080 4987 4493 4574 4505 3544 3893 4775 4481 4497 4717 5571 4824 4586 3407 4166 4634 4456 4576 4855 3390 3389 2654 3947 4418 4756 3922 5554 5503 5633 5002 6414 6703 5691 5975 6663 6470 5913 5499 6517 5954 5703 6039 5364 4902 4745 4897 4656 4999 4612 4877 4566
1306 1788 2866 1281 1807 1059 1862 0 892 756 1644 1200 1420 1309 1921 1080 1948 1585 1399 1328 732 1324 2360 2865 2274 3363 2489 2382 2359 2708 1563 2281 2223 1522 2434 1758 2727 1207 1723 1879 1442 1936 1391 2268 1770 2904 3499 3012 3246 2733 2421 3466 3495 3374 3110 3144 3054 3403 3825 3873 3885 3202 5169 3413 3290 2287 3764 3142 3804 3625 3395 3251 2899 2164 4180 4118 4456 3520 5006 4361 4628 4409 5408 5467 4460 5675 5308 5234 5613 4268 5094 4718 4472 4768 4600 3410 3253 3869 3779 3640 3120 3696 3953
993 1606 3597 1790 1127 1595 1182 891 0 413 2030 887 1956 629 1366 579 1226 905 1785 1837 1242 581 2047 2552 1961 3050 2176 2069 2046 2395 2072 2790 2733 2032 2943 2267 3225 1717 2232 2610 1951 2445 1900 2778 2280 3413 4008 3521 3755 3242 2930 3975 4004 3690 3619 3653 2741 3090 4060 3766 3782 3711 4856 3922 3799 2604 3451 3651 3741 3861 3904 2938 2586 1851 3908 3805 4143 3207 4839 4788 4918 4287 5699 5976 4969 5362 5817 5743 5300 4777 5603 5227 4981 5277 4635 3919 3762 4182 3941 4149 3629 4162 3851
851 1305 3456 1649 1338 1454 1393 750 423 0 1875 745 1815 840 1466 611 1437 1116 1630 1696 1101 855 1905 2410 1819 2908 2034 1927 1904 2253 1931 2649 2592 1891 2802 2126 3070 1576 2091 2469 1810 2304 1759 2637 2139 3272 3867 3380 3614 3101 2789 3834 3863 3548 3478 3512 2599 2948 3918 3624 3640 3570 4714 3781 3658 2462 3309 3510 3599 3719 3763 2796 2444 1709 3766 3663 4001 3065 4697 4646 4776 4145 5557 5835 4828 5220 5676 5602 5158 4636 5462 5086 4840 5136 4493 3778 3621 4040 3799 4008 3488 4020 3709
1787 995 4309 1922 2976 1207 3031 1603 2061 1859 0 1903 1009 2478 2623 2249 3075 2581 417 1897 1517 2493 1958 2463 1872 2961 1863 1980 1957 2306 1992 2815 1281 747 2863 1949 1195 1636 2152 3321 1871 2365 1820 1666 2084 3291 3306 2822 1969 3226 2850 3010 3579 2294 2654 2589 2427 2435 3240 3167 3183 2647 4492 2858 2834 1208 3260 2762 3141 3040 2840 2849 2497 1048 3696 3613 3951 3016 4376 4337 4467 3836 5248 5576 4525 5170 5417 5343 5108 4333 5203 4827 4537 4877 4184 3506 3533 3398 3342 3085 3743 3141 3251
660 1141 3889 2082 1527 1887 1582 1183 913 766 1930 0 2248 1328 921 1101 1597 879 1887 2129 1534 809 1462 1967 1376 2465 1591 1484 1461 1810 2364 3082 3025 2324 3235 2559 3125 2009 2524 2902 2243 2737 2192 3070 2572 3705 3834 3350 3642 3534 3222 3538 4107 3105 3083 3117 2156 2505 3475 3181 3197 3175 4271 3386 3226 2019 2866 3290 3156 3276 3368 2353 2001 1266 3346 3220 3558 2622 4254 4203 4333 3702 5114 5403 4391 4777 5363 5170 4715 4199 5217 4654 4403 4739 4050 4019 4054 3597 3356 3613 3921 3577 3266
2501 1709 4030 1828 2819 364 2874 1324 1904 1974 1012 2212 0 2321 2933 2092 2960 2597 1002 1055 1314 2336 2672 3177 2586 3675 2577 2694 2671 3020 2145 2863 1948 1147 3016 2340 2207 1789 2305 3042 2024 2518 1973 2446 2352 3486 4017 3533 2981 3315 3003 3721 4077 3005 3365 3300 3137 3145 3950 3877 3893 3358 5202 3569 3545 1918 3970 3473 3851 3750 3551 3563 3211 1762 4406 4323 4661 3726 5086 4943 5210 4546 5958 6049 5042 5880 5890 5816 5818 4850 5676 5300 5054 5350 4908 3992 3835 4108 4052 3796 3702 3852 3961
1390 2003 3994 2187 704 1992 759 1288 617 810 2427 1284 2353 0 1057 990 651 482 2182 2234 1639 955 2444 2949 2358 3160 2573 2466 2443 2792 2469 3187 3130 2429 3340 2664 3622 2114 2629 3007 2348 2842 2297 3175 2677 3810 4468 3918 4152 3639 3327 4372 4401 4087 4016 4050 3138 3487 4457 4163 4179 4108 5253 4319 4196 3001 3848 4048 4138 4258 4301 3292 2983 2248 3849 4202 4540 3604 5236 5267 5315 4684 6096 6373 5366 5759 6214 6140 5697 5174 6000 5624 5378 5674 5032 4316 4159 4579 4338 4546 4026 4559 4248
1472 1890 4638 2831 1202 2636 1193 1932 1346 1515 2679 942 2997 1076 0 1799 1226 689 2636 2878 2283 965 2211 2716 2125 2826 2340 2233 2210 2559 3113 3831 3774 3073 3984 3308 3874 2758 3273 3651 2992 3486 2941 3819 3321 4454 4583 4099 4391 4283 3971 4287 4856 3854 3832 3866 2905 3254 4343 4049 4065 3924 5139 4135 3975 2768 3734 4039 4024 4144 4117 2958 2750 2015 3515 3986 4324 3490 5122 5071 5201 4570 5982 6271 5259 5543 6231 6038 5481 5067 6085 5522 5271 5607 4918 4887 4803 4465 4224 4362 4670 4445 4134
1177 1790 3781 1974 1527 1779 1582 1075 595 597 2214 1071 2140 969 1812 0 1314 1304 1969 2021 1426 1027 2231 2736 2145 3234 2360 2253 2230 2579 2256 2974 2917 2216 3127 2451 3409 1901 2416 2794 2135 2629 2084 2962 2464 3597 4255 3705 3939 3426 3114 4159 4188 3874 3803 3837 2925 3274 4244 3950 3966 3895 5040 4106 3983 2788 3635 3835 3925 4045 4088 3122 2770 2035 4092 3989 4327 3391 5023 5054 5102 4471 5883 6160 5153 5546 6001 5927 5484 4961 5787 5411 5165 5461 4819 4103 3946 4366 4125 4333 3813 4346 4035
2001 2544 3940 2856 812 2624 866 1958 1228 1421 3038 1596 2985 644 1201 1319 0 756 2793 2866 2271 1360 2865 3268 2779 3239 2994 2887 2864 3003 3138 3819 3799 3098 3972 3296 4233 2783 3261 2889 3017 3474 2929 3844 3309 4442 5100 4550 4784 4271 3959 5061 5033 4508 4486 4520 3559 3908 4756 4462 4478 4578 5552 4805 4567 3422 4147 4680 4437 4557 4771 3371 3404 2669 3928 4399 4737 3903 5535 5484 5614 4983 6395 6684 5672 5956 6644 6451 5894 5480 6498 5935 5684 6020 5331 4948 4791 4878 4637 4980 4658 4858 4547
1414 1832 4307 2500 716 2305 771 1601 930 1123 2621 884 2666 517 669 1328 786 0 2578 2547 1952 649 2153 2658 2067 3156 2282 2175 2152 2501 2782 3500 3443 2742 3653 2977 3816 2427 2942 3320 2661 3155 2610 3488 2990 4123 4525 4041 4333 3952 3640 4229 4714 3796 3774 3808 2847 3196 4166 3872 3888 3866 4962 4077 3917 2710 3557 3981 3847 3967 4059 3044 2692 1957 3861 3911 4249 3313 4945 4894 5024 4393 5805 6094 5082 5468 6054 5861 5406 4890 5908 5345 5094 5430 4741 4629 4472 4288 4047 4304 4339 4268 3957
1774 982 4082 2205 2749 979 2804 1376 1834 1632 448 1890 1001 2251 2610 2022 2848 2527 0 1669 1656 2266 1945 2450 1859 2948 1850 1967 1944 2293 2329 3047 1729 1084 3200 2397 1643 1973 2489 3094 2208 2702 2157 2114 2532 3329 3290 2806 2417 3514 3187 2994 3563 2278 2638 2573 2410 2418 3223 3150 3166 2631 4475 2842 2818 1191 3243 2746 3124 3023 2824 2836 2484 1035 3679 3596 3934 2999 4359 4320 4450 3819 5231 5559 4508 5153 5400 5326 5091 4316 5186 4810 4520 4860 4167 3490 3517 3403 3325 3069 3744 3125 3234
2195 2382 3929 1404 2696 708 2751 1223 1781 1645 1948 2089 1069 2198 2810 1969 2837 2474 1703 0 947 2213 3345 3850 3259 4348 3250 3367 3344 3693 1778 2496 2237 1436 2649 1973 2962 1422 1938 2941 1657 2151 1606 2483 1985 3119 3714 3227 3461 2948 2636 3681 3710 3678 3325 3359 3810 3818 4040 4088 4100 3417 5337 3628 3505 2591 4384 3357 4019 3840 3610 4236 3884 2435 5079 4996 5334 4399 5221 4576 4843 4624 5623 5682 4675 6150 5523 5449 6491 4483 5309 4933 4687 4983 4815 3625 3468 4084 3994 3855 3335 3911 4168
1710 2192 3351 910 2211 1020 2266 738 1296 1160 1611 1604 1381 1713 2325 1484 2352 1989 1707 957 0 1728 2764 3269 2678 3767 2893 2786 2763 3112 1174 1891 1834 1133 2044 1369 2338 818 1333 2364 1053 1547 1002 1879 1381 2514 3109 2622 2856 2343 2031 3076 3105 2929 2720 2754 3175 3183 3435 3483 3495 2812 4732 3023 2900 2595 3779 2752 3414 3235 3005 3655 3303 2439 4303 4220 4558 3623 4616 3971 4238 4019 5018 5077 4070 5545 4918 4844 5715 3878 4704 4328 4082 4378 4210 3020 2863 3479 3389 3250 2730 3306 3563
1147 1773 4011 2204 1310 2009 1365 1305 540 827 2444 825 2370 974 958 993 1380 662 2199 2251 1656 0 2094 2599 2008 3097 2223 2116 2093 2442 2486 3204 3147 2446 3357 2681 3639 2131 2646 3024 2365 2859 2314 3192 2694 3827 4466 3935 4274 3656 3344 4170 4418 3737 3715 3749 2788 3137 4107 3813 3829 3807 4903 4018 3858 2651 3498 3922 3788 3908 4000 2985 2633 1898 3978 3852 4190 3254 4886 4835 4965 4334 5746 6035 5023 5409 5995 5802 5347 4831 5849 5286 5035 5371 4682 4333 4176 4229 3988 4245 4043 4209 3898
1332 1168 5008 3201 2773 2622 2828 2302 2032 1885 1957 1447 2625 2449 2167 2220 2843 2125 1914 3312 2653 2055 0 666 742 1164 946 499 451 1049 3483 3191 3238 2673 4327 3554 3152 3128 3616 4021 3362 3967 3311 3623 3921 2855 2906 2422 3119 3040 4314 2610 3179 2234 2155 2189 1228 1577 2547 2253 2269 2247 3343 2458 2298 1851 1938 2362 2228 2348 2440 1425 1074 1098 2374 2292 2630 1694 3326 3275 3405 2774 4186 4475 3463 3849 4435 4242 3787 3271 4233 3726 3475 3811 3122 3091 3133 2669 2428 2685 3391 2649 2338
1843 1679 5519 3712 3299 3133 3354 2813 2543 2396 2468 1958 3136 2960 2678 2731 3358 2636 2425 3823 3164 2566 669 0 1316 516 1457 1017 1025 1676 3694 3162 3749 3184 4298 3525 3663 3657 3587 4532 3638 3938 3822 4134 3892 2826 2877 2393 3090 3011 4285 2581 3150 2205 2126 2160 1199 1548 2465 2171 2187 2218 3261 2429 2269 2362 1856 2333 2146 2266 2411 1124 1044 1609 2167 2102 2440 1612 3244 3193 3323 2692 4104 4393 3381 3659 4353 4160 3597 3189 4151 3644 3393 3729 3040 3009 3104 2587 2346 2656 3362 2567 2256
1260 1096 4936 3129 2701 2550 2756 2230 1960 1813 1885 1375 2553 2377 2095 2148 2771 2053 1842 3240 2581 1983 727 1303 0 1801 1468 1126 398 614 3411 3818 3166 2601 4282 3834 3080 3056 3571 3949 3290 3784 3239 3581 3619 3482 3533 3049 3519 3667 4269 3237 3806 2861 2782 2816 1855 2204 3174 2880 2896 2874 3970 3085 2925 1896 2565 2989 2855 2975 3067 2052 1701 1143 2651 2919 3257 2321 3953 3902 4032 3401 4813 5102 4090 4476 5062 4869 4414 3898 4916 4353 4102 4438 3749 3718 3760 3296 3055 3312 4018 3276 2965
2335 2171 6014 4204 3188 3625 3243 3305 3035 2888 2960 2450 3628 3125 2773 3223 3247 3077 2917 4315 3656 3058 1161 508 1320 0 1800 1284 1508 834 4031 3499 4241 3676 4635 3862 4155 3994 3924 5024 3975 4275 4456 4626 4229 3163 3214 2730 3427 3348 4622 2918 3487 2542 2463 2497 1536 1885 2698 2404 2420 2555 3494 2747 2509 2854 2089 2670 2379 2499 2748 1314 1381 2101 2253 2342 2680 1845 3477 3426 3556 2925 4337 4626 3614 3899 4586 4393 3837 3422 4440 3877 3626 3962 3273 3242 3441 2820 2579 2922 3542 2800 2489
1453 1289 5129 3322 2894 2544 2949 2423 2153 2006 1879 1568 2547 2570 2288 2341 2964 2246 1836 3234 2774 2176 938 1443 1453 1883 0 728 1278 1876 3604 3363 3160 2595 4499 3726 3074 3249 3788 4142 3483 4139 3432 3575 3963 3027 3078 2594 3238 3212 4486 2782 3351 2406 2327 2361 1400 1749 2719 2425 2441 2419 3515 2630 2470 1615 2110 2534 2400 2520 2612 1597 1245 862 2546 2464 2802 1866 3498 3447 3577 2946 4358 4647 3635 4021 4607 4414 3959 3443 4405 3898 3647 3983 3308 3263 3305 2841 2600 2857 3532 2821 2510
1399 1235 5075 3268 2840 2678 2895 2369 2099 1952 2013 1514 2681 2516 2234 2287 2910 2192 1970 3368 2720 2122 511 1023 1143 1324 695 0 852 1450 3336 2804 3294 2729 3940 3167 3208 3299 3229 4088 3280 3580 3378 3679 3534 2468 2519 2035 2732 2653 3927 2223 2792 1847 1768 1802 841 1190 2160 1866 1882 1860 2956 2071 1911 1749 1551 1975 1841 1961 2053 1038 687 996 1987 1905 2243 1307 2939 2888 3018 2387 3799 4088 3076 3462 4048 3855 3400 2884 3902 3339 3088 3424 2735 2704 2746 2282 2041 2298 3004 2262 1951
1386 1222 5062 3255 2827 2676 2882 2356 2086 1939 2011 1501 2679 2503 2221 2274 2897 2179 1968 3366 2707 2109 427 1003 412 1501 1273 826 0 759 3537 3518 3292 2727 4408 3960 3206 3182 3697 4075 3416 3910 3365 3718 4095 3182 3233 2749 3645 3367 4395 2937 3506 2561 2482 2516 1555 1904 2874 2580 2596 2574 3670 2785 2625 2022 2265 2689 2555 2675 2767 1752 1401 1269 2796 2619 2957 2021 3653 3602 3732 3101 4513 4802 3790 4176 4762 4569 4114 3598 4616 4053 3802 4138 3449 3418 3460 2996 2755 3012 3718 2976 2665
1702 1538 5378 3571 3027 2992 3082 2672 2402 2255 2327 1817 2995 2819 2537 2590 3031 2495 2284 3682 3023 2425 967 1674 538 1489 1813 1366 726 0 3853 3994 3608 3043 4724 4276 3522 3498 4013 4391 3732 4226 3681 3993 4061 3658 3709 3289 3961 3843 4711 3413 3982 3101 2907 2992 2095 2444 3108 2814 2830 3114 3904 3157 2919 2338 2499 3165 2789 2909 3188 1723 1941 1585 2181 2751 3089 2255 3887 3836 3966 3335 4747 5036 4024 4308 4996 4803 4246 3832 4850 4287 4036 4372 3683 3652 3936 3230 2989 3332 3952 3210 2899
2537 3019 3136 1554 3038 1808 3093 1565 2123 1987 2273 2431 2169 2540 3152 2311 3179 2816 2534 1817 1137 2555 3591 3712 3505 4064 3720 3330 3590 3939 0 1290 1314 1588 1423 306 1615 532 712 2672 454 1066 1066 1156 389 2014 2511 2024 2281 1742 1410 2478 2507 2331 2122 2156 2577 2585 2837 2885 2897 2214 4134 2425 2302 3109 3181 2154 2816 2637 2407 3104 3042 3080 3705 3622 3960 3025 4018 3373 3640 3421 4420 4479 3472 4947 4320 4246 5117 3280 4106 3730 3484 3780 3612 2422 2265 2881 2791 2652 2132 2708 2965
3280 3907 3545 2298 3781 2551 3836 2308 2866 2730 2810 3174 2912 3283 3895 3054 3922 3559 3129 2561 1880 3298 3333 3293 3965 3645 3426 2911 3674 4101 1314 0 2028 2332 1917 1096 2254 1276 1206 3081 1257 1557 1810 1795 1486 807 1498 1149 1700 613 1904 1603 1664 1692 1599 1533 2158 2166 2097 2135 2206 1444 3611 1802 1779 2571 2658 1279 1973 2114 1784 2685 2623 3347 3286 3203 3541 2606 3267 2530 2797 2578 3577 3636 2629 4424 3477 3403 4625 2437 3263 2887 2641 2937 2769 1579 1422 2038 1948 2029 1289 1972 2122
3111 2319 4257 2217 3701 2531 3756 2228 2786 2650 1324 3227 1918 3203 3947 2974 3842 3479 1740 2210 1800 3218 3282 3787 3196 4285 3187 3304 3281 3630 1407 1975 0 970 2646 1109 1315 1372 1957 3793 1662 2127 1839 856 1163 2687 3282 2795 2245 2427 2633 3249 3278 3180 2893 2927 3348 3356 3608 3656 3668 2985 4905 3196 3073 2532 3952 2925 3587 3408 3178 3875 3821 2372 4476 4393 4731 3796 4789 4144 4411 4192 5191 5250 4243 5718 5091 5017 5888 4051 4877 4501 4255 4551 4383 3193 3036 3652 3562 3423 2903 3479 3736
2396 1720 3984 1401 2897 1582 2952 1424 1982 1846 759 2290 1117 2399 3011 2170 3038 2675 1078 1357 996 2414 2683 3188 2597 3686 2588 2705 2682 3031 1471 2189 973 0 2342 1724 1698 1115 1631 3142 1350 1844 1299 1471 1678 2812 3407 2920 2472 2641 2329 3374 3403 3158 3018 3052 3152 3160 3733 3781 3793 3110 5030 3321 3198 1933 3985 3050 3712 3533 3303 3574 3222 1773 4421 4338 4676 3741 4914 4269 4536 4317 5316 5375 4368 5843 5216 5142 5833 4176 5002 4626 4380 4676 4508 3318 3161 3777 3687 3548 3028 3604 3861
3391 3873 2632 2409 3892 2662 3947 2419 2977 2841 2921 3285 3023 3394 4006 3165 4033 3670 3240 2672 1991 3409 4368 4328 4359 4680 4461 3946 4444 4793 1453 1909 2617 2443 0 1567 2843 1387 980 2738 1329 1046 1932 2384 1713 2532 3127 2640 2874 2361 1758 3094 3123 2947 2738 2772 3193 3201 3453 3501 3513 2830 4750 3041 2918 3710 3797 2770 3432 3253 3023 3720 3658 3935 4321 4238 4576 3641 4634 3989 4256 4037 5036 5095 4088 5563 4936 4862 5733 3896 4722 4346 4100 4396 4228 3038 2881 3497 3407 3268 2748 3324 3581
2738 2987 3181 1755 3239 2009 3294 1766 2324 2188 1992 2632 2370 2741 3353 2512 3380 3017 2409 2018 1338 2756 3607 3567 3706 3919 3700 3185 3791 4140 312 1059 1108 1736 1570 0 1334 733 881 2717 655 1203 1267 875 456 1771 2366 1879 2026 1511 1557 2333 2362 2186 1977 2011 2432 2440 2692 2740 2752 2069 3989 2280 2157 2828 3036 2009 2671 2492 2262 2959 2897 3040 3560 3477 3815 2880 3873 3228 3495 3276 4275 4334 3327 4802 4175 4101 4972 3135 3961 3585 3339 3635 3467 2277 2120 2736 2646 2507 1987 2563 2820
3008 2216 4472 2723 4197 2428 4252 2824 3282 3080 1221 3124 2230 3699 3844 3470 4296 3802 1637 2936 2306 3714 3179 3684 3093 4182 3084 3201 3178 3527 1622 2190 1307 1696 2861 1324 0 1878 2172 4008 1961 2494 2345 601 1459 2607 2780 2191 1285 2542 2848 2753 3322 1971 2397 2332 2680 2688 3112 3160 3172 2390 4409 2601 2577 1600 3456 2320 3089 2912 2583 3348 3286 2269 3949 3866 4204 3269 4293 4254 4384 3753 5165 5465 4458 5222 5306 5232 5361 4266 5092 4716 4470 4766 4101 3249 3276 3162 3289 2828 3118 2884 3199
2151 2633 3042 1169 2652 1422 2707 1179 1737 1601 1681 2045 1783 2154 2766 1925 2793 2430 2148 1432 752 2169 3205 3624 3119 3976 3334 3227 3204 3553 488 1205 1420 1203 1358 683 1923 0 647 2578 367 875 681 1464 766 1929 2423 1936 2170 1657 1345 2390 2419 2243 2034 2068 2489 2497 2749 2797 2809 2126 4046 2337 2214 2855 3093 2066 2728 2549 2319 3016 2954 2695 3617 3534 3872 2937 3930 3285 3552 3333 4332 4391 3384 4859 4232 4158 5029 3192 4018 3642 3396 3692 3524 2334 2177 2793 2703 2564 2044 2620 2877
2695 3177 2952 1712 3196 1966 3251 1723 2281 2145 2224 2589 2327 2698 3310 2469 3337 2974 2692 1975 1295 2713 3652 3612 3663 3964 3745 3230 3748 4097 793 1193 1919 1746 961 869 2145 691 0 2566 563 600 1166 1686 997 1816 2411 1924 2158 1645 1043 2378 2407 2231 2022 2056 2477 2485 2737 2785 2797 2114 4034 2325 2202 2994 3081 2054 2716 2537 2307 3004 2942 3238 3605 3522 3860 2925 3918 3273 3540 3321 4320 4379 3372 4847 4220 4146 5017 3180 4006 3630 3384 3680 3512 2322 2165 2781 2691 2552 2032 2608 2865
3018 3500 2008 2993 3311 2771 3365 1883 2604 2468 3356 2912 3132 3021 3633 2792 2885 3297 3111 3040 2449 3036 4072 4577 3986 5075 4201 4094 4071 4420 2727 3148 3829 3234 2736 2779 4055 2742 2672 0 2772 2591 2657 3596 2925 3594 4189 3702 3936 3600 3370 4156 4185 4009 3800 3834 4255 4263 4515 4563 4575 3892 5812 4103 3980 3999 4859 3832 4494 4315 4085 4782 4611 3876 5383 5300 5638 4703 5696 5051 5318 5099 6098 6157 5150 6625 5998 5924 6795 4958 5784 5408 5162 5458 5290 4100 3943 4559 4469 4330 3810 4386 4643
2374 2856 3066 1391 2875 1645 2930 1402 1960 1824 1903 2268 2006 2377 2989 2148 3016 2653 2371 1654 974 2392 3428 3648 3342 4000 3557 3266 3427 3776 456 1229 1711 1425 1356 651 1960 369 593 2602 0 837 903 1501 734 1953 2447 1960 2194 1681 1369 2414 2443 2267 2058 2092 2513 2521 2773 2821 2833 2150 4070 2361 2238 3030 3117 2090 2752 2573 2343 3040 2978 2917 3641 3558 3896 2961 3954 3309 3576 3357 4356 4415 3408 4883 4256 4182 5053 3216 4042 3666 3420 3716 3548 2358 2201 2817 2727 2588 2068 2644 2901
2935 3417 2645 1829 3436 2206 3491 1963 2521 2385 2465 2829 2567 2938 3550 2709 3577 3214 2784 2216 1536 2953 3989 3972 3903 4324 4118 3590 3988 4337 1097 1553 2189 1987 1057 1211 2487 955 624 2451 897 0 1059 2028 1357 2176 2771 2284 2518 2005 1403 2738 2767 2591 2382 2416 2837 2845 3097 3145 3157 2474 4394 2685 2562 3354 3441 2414 3076 2897 2667 3364 3302 3479 3965 3882 4220 3285 4278 3633 3900 3681 4680 4739 3732 5207 4580 4506 5377 3540 4366 3990 3744 4040 3872 2682 2525 3141 3051 2912 2392 2968 3225
2326 2808 2954 1343 2827 1597 2882 1354 1912 1776 1855 2220 1958 2329 2941 2100 2968 2605 2174 1607 926 2344 3380 3885 3294 4383 3509 3402 3379 3728 1046 1764 1824 1377 1940 1241 2327 690 1177 2491 925 1025 0 1868 1370 2375 2970 2483 2717 2216 1904 2937 2965 2790 2581 2615 3036 3044 3296 3344 3356 2673 4593 2884 2761 3029 3640 2613 3275 3096 2866 3563 3501 2869 4164 4081 4419 3484 4477 3832 4099 3880 4879 4938 3931 5406 4779 4705 5576 3739 4565 4189 3943 4239 4071 2880 2723 3340 3250 3111 2590 3167 3424
3487 2695 4076 2327 3811 2581 3866 2338 2896 2760 1700 3204 2488 3313 3925 3084 3952 3589 2116 2591 1910 3328 3658 4163 3572 4661 3563 3680 3657 4006 1226 1794 911 1540 2465 928 585 1482 1776 3612 1565 2098 1949 0 1063 2506 3101 2614 1798 2246 2452 3068 3097 2450 2712 2811 3159 3167 3427 3475 3487 2869 4724 3080 2892 2079 3771 2744 3406 3227 3062 3694 3632 2748 4295 4212 4550 3615 4608 3963 4230 4011 5010 5069 4062 5537 4910 4836 5707 3870 4696 4320 4074 4370 4202 3012 2855 3471 3381 3307 2722 3363 3555
2699 3104 3298 1716 3200 1970 3255 1727 2285 2149 2109 2593 2331 2702 3314 2473 3341 2978 2526 1980 1299 2717 3753 3874 3667 4226 3972 3492 3752 4101 369 1452 1116 1750 1687 410 1451 785 998 2834 707 1320 1337 992 0 2176 2673 2186 2370 1904 1674 2640 2669 2493 2284 2318 2739 2747 2999 3047 3059 2376 4296 2587 2464 2945 3343 2316 2978 2799 2569 3266 3204 3157 3867 3784 4122 3187 4180 3535 3802 3583 4582 4641 3634 5109 4482 4408 5279 3442 4268 3892 3646 3942 3774 2584 2427 3043 2953 2814 2294 2870 3127
3761 3718 3849 2925 4408 3178 4463 2935 3493 3357 3318 3801 3539 3910 4522 3681 4549 4186 3324 3188 2507 3925 2964 2924 3596 3276 3057 2542 3305 3732 1940 802 2703 2959 2544 1771 2607 1903 1833 3460 1884 2184 2365 2470 2138 0 1361 772 1323 722 2429 1226 1779 1315 1222 1156 1789 1797 1937 1985 1997 1067 3234 1425 1402 2194 2281 902 1914 1737 1407 2316 2254 2970 2917 2834 3172 2237 3118 2645 2912 2578 3692 3751 2744 4047 3592 3518 4329 2552 3378 3002 2756 3052 2884 1694 1537 1986 2063 1652 1404 1708 2024
3802 3689 4182 3407 4890 3660 4945 3417 3975 3839 3338 3917 4001 4392 4637 4163 5031 4595 3295 3670 2989 4407 3005 2965 3637 3317 3098 2583 3346 3773 2422 1284 3185 3441 3026 2253 2808 2385 2315 3942 2366 2666 2847 2952 2620 537 0 655 1524 1204 2762 837 1406 1286 1193 1127 1830 1838 1908 1956 1968 803 3205 1396 1373 2165 2252 976 1885 1708 1378 2339 2277 2941 2940 2857 3195 2260 3089 2472 2739 2549 3519 3676 2571 4018 3419 3345 4352 2379 3303 2927 2583 2879 2711 1485 1360 1957 1890 1623 1195 1679 1995
3460 3347 4159 3161 4644 3414 4699 3171 3729 3593 3074 3575 3659 4146 4295 3917 4785 4253 2953 3424 2743 4161 2663 2623 3295 2975 2756 2241 3004 3431 2176 1282 2939 3195 2780 2007 2363 2139 2069 3696 2120 2420 2601 2749 2374 901 733 0 1079 1314 2767 599 1168 944 851 785 1488 1496 1566 1614 1626 565 2863 1054 1031 1823 1910 531 1543 1366 1036 1997 1935 2599 2598 2515 2853 1918 2747 2708 2838 2207 3619 3908 2896 3676 3925 3675 4131 2704 3676 3159 2908 3278 2555 1639 1122 1615 1743 1281 1349 1337 1653
3531 2990 4253 3352 4835 3202 4890 3362 3920 3854 1995 3646 3004 4337 4366 4108 4976 4324 2411 3615 2934 4254 3167 3127 3531 3479 3264 2745 3616 3965 2260 1624 2191 2470 2971 2000 1284 2330 2260 3790 2214 2611 2695 1670 2343 1322 1495 906 0 1529 2958 1360 1929 1448 1355 1289 1992 2000 2070 2118 2130 1200 3367 1558 1535 1661 2414 1035 2047 1870 1540 2501 2439 2449 3102 3019 3357 2372 3251 3180 3447 2711 4227 4286 3279 4180 4127 4053 4514 3087 3913 3537 3291 3587 3059 2228 1883 2119 2247 1785 1938 1841 2157
3747 3822 3733 2765 4248 3018 4303 2775 3333 3197 3267 3641 3379 3750 4362 3521 4389 4026 3683 3028 2347 3765 3189 3149 3821 3501 3282 2767 3530 3957 1781 542 2495 2799 2384 1563 2556 1743 1673 3548 1724 2024 2277 2262 1953 701 1513 1163 1566 0 2313 1617 1679 1706 1559 1547 2014 2022 2274 2150 2334 1458 3571 1816 1739 2531 2618 1293 1988 2074 1798 2541 2479 3306 3142 3059 3397 2462 3282 2545 2812 2593 3592 3651 2644 4384 3492 3418 4554 2452 3278 2902 2656 2952 2784 1594 1437 2053 1963 2043 1304 2099 2137
3374 3856 3219 2392 3875 2645 3930 2402 2960 2824 2904 3268 3006 3377 3989 3148 4016 3653 3223 2655 1974 3392 4351 4311 4342 4663 4444 3929 4427 4776 1436 1892 2600 2426 1773 1550 2826 1370 1024 3265 1351 1375 1904 2367 1696 2439 2770 2623 2857 2344 0 3077 2906 2930 2721 2755 3176 3184 3339 3377 3448 2813 4733 3024 2901 3693 3780 2753 3215 3236 3006 3703 3641 3918 4304 4221 4559 3624 4509 3772 4039 3820 4819 4878 3871 5546 4719 4645 5716 3679 4505 4129 3883 4179 4011 2821 2664 3280 3190 3251 2531 3214 3364
3531 3418 4490 3492 4972 3727 5027 3502 4060 3924 3067 3646 3730 4477 4366 4248 5116 4324 3024 3755 3074 4254 2734 2694 3366 3046 2827 2312 3075 3502 2507 1613 3270 3526 3111 2338 2694 2470 2400 4027 2451 2751 2932 3080 2705 1336 858 542 1410 1645 3098 0 632 1015 922 856 1559 1567 1637 1685 1697 532 2934 1125 1102 1894 1981 877 1614 1437 1107 2068 2006 2670 2669 2586 2924 1939 2818 2407 2674 2278 3454 3548 2506 3747 3389 3315 4081 2314 3175 2799 2518 2849 2646 1103 585 1686 1825 1352 813 1408 1724
4067 3954 4378 3561 5044 3814 5099 3571 4129 3993 3603 4182 4175 4546 4902 4317 5185 4822 3560 3824 3143 4561 3270 3230 3902 3582 3363 2848 3611 4038 2576 1704 3339 3595 3180 2407 3230 2539 2469 4096 2520 2820 3001 3106 2774 1872 1394 1078 1946 1767 2958 626 0 1551 1458 1392 2095 2103 1597 1750 1821 1068 3293 1661 1638 2430 2421 1413 1588 1808 1643 2604 2542 3206 3205 3122 3460 2492 2882 2145 2412 2193 3192 3286 2244 4106 3127 3053 4240 2052 2913 2537 2256 2587 2384 841 424 1649 1563 1563 551 1336 1737
3014 2680 4286 3288 4455 2989 4510 3298 3714 3567 2329 3129 2992 4131 3849 3902 4525 3807 2286 3551 2870 3737 2245 2205 2877 2557 2338 1823 2586 3013 2303 1771 3146 3155 2907 2134 1969 2266 2196 3823 2247 2547 2728 2440 2501 1307 1272 788 1485 1620 2894 976 1545 0 620 555 1070 1078 1335 1383 1395 613 2632 824 800 1156 1679 728 1312 1135 806 1766 1723 1932 2367 2284 2622 1637 2516 2477 2607 1976 3388 3677 2665 3445 3587 3444 3779 2473 3373 2928 2677 3047 2324 1472 1499 1385 1512 1051 1726 1107 1422
3047 3037 4122 3124 4528 3346 4583 3134 3692 3556 2686 3162 3349 4109 3882 3880 4748 3840 2643 3387 2706 3770 2250 2210 2882 2453 2343 1828 2591 2767 2139 1607 2902 3158 2743 1970 2397 2102 2032 3659 2083 2383 2564 2669 2337 1211 1176 692 1389 1456 2730 880 1449 634 0 459 1075 1083 876 924 936 517 2173 642 355 1513 1220 632 853 676 624 1407 1345 2289 2014 1931 2269 1178 2057 2018 2148 1517 2929 3218 2206 2986 3128 2985 3441 2014 2914 2469 2218 2588 1865 1290 1403 1034 1053 869 1630 925 963
3069 2956 4126 3128 4510 3265 4565 3138 3696 3560 2605 3184 3268 4113 3904 3884 4752 3862 2562 3391 2710 3792 2272 2232 2904 2584 2365 1850 2613 3040 2143 1511 2906 3162 2747 1974 2316 2106 2036 3663 2087 2387 2568 2673 2341 1130 1095 611 1308 1460 2734 799 1368 553 460 0 1097 1105 922 1194 1153 436 2390 382 438 1432 1519 551 1070 893 364 1606 1544 2208 2207 2124 2462 1477 2274 2235 2365 1734 3146 3435 2423 3203 3333 3202 3619 2231 3119 2686 2435 2793 2082 1030 1322 943 1268 609 1452 665 1180
2027 1863 4558 3560 3468 3126 3523 2997 2727 2580 2466 2142 3129 3144 2862 2915 3538 2820 2423 3823 3142 2750 1230 1190 1862 1542 1323 808 1571 1998 2575 2043 3338 3182 3179 2406 2687 2538 2468 4095 2519 2819 3000 3105 2773 1707 1758 1274 1971 1892 3166 1462 2031 1086 1007 1041 0 430 1488 1415 1431 1099 2740 1310 1150 1293 1372 1214 1389 1288 1292 975 708 1624 1808 1726 2064 1128 2624 2585 2715 2084 3496 3824 2773 3283 3665 3591 3221 2581 3451 3075 2785 3125 2432 1958 1985 1646 1590 1537 2243 1589 1499
2384 2220 4560 3562 3825 3128 3880 3354 3084 2937 2468 2499 3131 3501 3219 3272 3895 3177 2425 3825 3144 3107 1587 1547 2219 1899 1680 1165 1928 2355 2577 2045 3340 3184 3181 2408 2689 2540 2470 4097 2521 2821 3002 3107 2775 1709 1760 1276 1973 1894 3168 1464 2033 1088 1009 1043 412 0 1484 1190 1206 1101 2515 1312 1152 1295 1434 1216 1164 1285 1294 1332 1065 1981 2059 1976 2314 1328 2399 2360 2490 1859 3271 3599 2548 3328 3440 3366 3471 2356 3226 2850 2560 2900 2207 2028 1987 1606 1365 1539 2214 1586 1274
3344 3180 4806 3808 4741 3916 4796 3818 4044 3897 3256 3459 3919 4461 4179 4232 4800 4137 3213 4071 3390 4067 2546 2448 3178 2666 2640 2124 2887 2980 2823 2067 3586 3842 3427 2654 3081 2786 2716 4343 2767 3067 3248 3353 3021 1895 1860 1376 2073 2140 3321 1564 1636 1318 876 951 1482 1516 0 540 795 1201 2157 732 805 2083 1272 1316 598 413 920 1620 1558 2859 2227 2144 2482 1343 2041 1599 1866 1320 2646 2736 1698 2970 2577 2503 3425 1506 2363 1987 1710 2037 1668 770 1394 305 512 649 1192 327 707
3043 2879 4771 3773 4440 3786 4495 3783 3743 3596 3126 3158 3789 4160 3878 3931 4499 3836 3083 4036 3355 3766 2245 2147 2877 2365 2339 1823 2586 2679 2788 2161 3551 3807 3392 2619 3046 2751 2681 4308 2732 3032 3213 3318 2986 1860 1825 1341 2038 2105 3379 1529 1830 1283 841 1035 1352 1214 556 0 317 1166 1789 859 770 1953 942 1281 153 361 1039 1319 1257 2640 1926 1843 2181 1013 1672 1587 1717 1086 2498 2726 1740 2602 2567 2493 3057 1548 2353 1977 1752 2027 1434 1100 1588 714 492 979 1455 658 377
3125 2961 4872 3864 4514 3860 4569 3874 3825 3678 3208 3240 3871 4242 3960 4013 4573 3918 3165 4127 3446 3848 2327 2229 2962 2447 2421 1905 2668 2761 2879 2198 3642 3898 3483 2710 3137 2842 2772 4399 2823 3123 3304 3409 3077 1951 1916 1432 2129 2196 3452 1620 1867 1374 932 1126 1434 1296 809 328 0 1257 1568 950 861 2035 714 1372 333 614 1130 1401 1339 2722 2011 1925 2263 785 1451 1413 1543 912 2324 2613 1601 2381 2604 2380 2836 1409 2390 1864 1613 1949 1260 1353 1625 770 529 1125 1492 911 439
3136 3023 4193 3195 4577 3332 4632 3205 3763 3627 2672 3251 3335 4180 3971 3951 4819 3929 2629 3458 2777 3859 2339 2299 2971 2651 2432 1917 2680 3107 2210 1442 2973 3229 2814 2041 2383 2173 2103 3730 2154 2454 2635 2740 2408 1061 817 501 1239 1474 2801 521 1090 620 527 461 1164 1172 1242 1290 1302 0 2539 730 707 1499 1586 482 1219 1042 712 1673 1611 2275 2274 2191 2529 1544 2423 2384 2514 1883 3295 3584 2572 3352 3494 3351 3686 2380 3280 2835 2584 2954 2231 1378 1044 1291 1419 957 1271 1013 1329
4183 4019 6115 5117 5580 5162 5635 5127 4883 4736 4502 4298 5165 5300 5018 5071 5639 4976 4459 5380 4699 4906 3385 3287 4017 3505 3479 2963 3726 3819 4132 3600 4895 5151 4736 3963 4390 4095 4025 5652 4076 4376 4557 4662 4330 3204 3169 2685 3382 3449 4723 2873 3288 2627 2185 2379 2728 2590 2154 1824 1544 2510 0 2203 2114 3329 1768 2625 1726 1955 2383 2459 2397 3780 3066 2761 2469 1839 1273 1981 2112 1955 1857 3657 2645 1265 3617 3424 1583 2128 3415 2908 2646 2993 1789 2698 3046 2191 1950 2378 2910 2256 1694
3361 3248 4418 3420 4798 3557 4853 3430 3988 3852 2897 3476 3560 4405 4196 4176 4857 4154 2854 3683 3002 4084 2564 2524 3196 2723 2657 2139 2905 3037 2435 1803 3198 3454 3039 2266 2608 2398 2328 3955 2379 2679 2860 2965 2633 1422 1387 903 1600 1752 3026 1091 1660 845 671 401 1386 1397 705 978 971 728 2208 0 489 1724 1323 843 888 711 406 1677 1615 2500 2284 2201 2539 1394 2092 2053 2183 1552 2964 3253 2241 3021 3116 3020 3476 2049 2902 2504 2253 2576 1900 814 1438 726 1051 393 1236 448 998
3110 2946 4260 3262 4550 3484 4605 3272 3830 3694 2824 3225 3487 4247 3945 4018 4609 3903 2781 3525 2844 3833 2313 2273 2945 2475 2406 1891 2654 2789 2277 1745 3040 3296 2881 2108 2535 2240 2170 3797 2221 2521 2702 2807 2475 1349 1314 830 1527 1656 2868 1018 1587 772 341 438 1138 1146 815 863 875 655 2112 460 0 1651 1227 770 792 615 442 1429 1367 2427 2036 1953 2291 1200 1996 1957 2087 1456 2868 3157 2145 2925 3067 2924 3380 1953 2853 2408 2157 2527 1804 1108 1541 973 992 687 1530 743 902
1900 1566 5062 3101 3341 1875 3396 2272 2600 2453 1215 2015 1878 3017 2735 2788 3411 2693 1172 2565 2552 2623 1873 2378 1900 2876 1633 1737 1985 2334 3088 2547 2496 1931 3683 2790 1596 2820 2972 3990 3023 3323 3004 2067 2925 2211 2171 1687 1658 2396 3670 1875 2444 1159 1519 1454 1292 1300 2105 2032 2048 1512 3357 1723 1699 0 2125 1627 2006 1905 1705 1960 1898 818 2561 2478 2816 1881 3241 3202 3332 2701 4113 4441 3390 4035 4282 4208 3973 3198 4068 3692 3402 3742 3049 2371 2398 2263 2207 1950 2625 2006 2116
2712 2548 5195 4197 4109 3861 4164 3682 3412 3265 3201 2827 3864 3829 3547 3600 4168 3505 3158 4460 3779 3435 1914 1816 2546 2034 2008 1492 2255 2348 3212 2680 3975 3917 3816 3043 3422 3175 3105 4732 3156 3456 3637 3742 3410 2344 2179 1695 2392 2529 3803 1883 2433 1637 1195 1485 1360 1491 1260 957 676 1520 1725 1309 1220 2029 0 1635 962 1060 1489 988 926 2309 1595 1512 1850 272 1707 1656 1786 1155 2567 2856 1844 2206 2816 2623 2744 1652 2614 2107 1856 2192 1503 1803 2191 1337 1096 1484 2109 1361 982
3220 3107 4106 3108 4591 3416 4646 3118 3676 3540 2756 3335 3419 4093 4055 3864 4732 4013 2713 3371 2690 3943 2423 2383 3055 2735 2516 2001 2764 3191 2123 1229 2886 3142 2727 1954 2311 2086 2016 3643 2067 2367 2548 2697 2321 848 918 329 1027 1261 2714 819 1388 704 611 545 1248 1256 1326 1374 1386 456 2623 814 791 1583 1670 0 1303 1126 796 1757 1695 2359 2358 2275 2613 1628 2507 2468 2598 1967 3379 3668 2656 3436 3578 3435 3770 2464 3364 2919 2668 3038 2315 1462 1342 1375 1503 1041 1569 1097 1413
3033 2869 4682 3763 4430 3776 4485 3773 3733 3586 3116 3148 3779 4150 3868 3921 4489 3826 3073 4026 3345 3756 2235 2137 2867 2355 2329 1813 2576 2669 2778 2008 3541 3832 3382 2609 3036 2741 2671 4298 2722 3022 3203 3308 2976 1850 1815 1331 2028 2071 3262 1519 1677 1273 831 1025 1342 1204 606 156 328 1156 1800 849 760 1943 932 1271 0 411 1029 1309 1247 2630 1916 1833 2171 1003 1583 1434 1564 933 2345 2573 1587 2613 2414 2340 3038 1395 2200 1824 1599 1874 1281 1150 1435 580 339 1029 1302 708 224
3185 3021 4647 3649 4582 3757 4637 3659 3885 3738 3097 3300 3760 4302 4020 4073 4641 3978 3054 3912 3231 3908 2387 2289 3019 2507 2481 1965 2728 2821 2664 2132 3427 3683 3268 2495 2922 2627 2557 4184 2608 2908 3089 3194 2862 1736 1701 1217 1914 1981 3255 1405 1787 1159 717 911 1323 1357 377 360 614 1042 1998 769 646 1924 1113 1157 417 0 915 1461 1399 2700 2068 1985 2323 1184 1882 1851 1981 1350 2762 2954 1916 2811 2795 2721 3266 1724 2581 2205 1928 2255 1698 921 1545 535 730 800 1343 479 641
3309 3196 4366 3368 4828 3505 4883 3378 3936 3800 2845 3424 3508 4353 4144 4124 4887 4102 2802 3631 2950 4032 2512 2472 3144 2824 2605 2090 2853 3067 2383 1751 3146 3402 2987 2214 2556 2346 2276 3903 2327 2627 2808 2913 2581 1370 1335 851 1548 1700 2974 1039 1608 793 619 349 1337 1345 866 1194 1152 676 2389 382 437 1672 1504 791 1069 892 0 1707 1645 2448 2314 2231 2569 1478 2273 2234 2364 1733 3145 3436 2398 3202 3277 3203 3657 2206 3063 2687 2410 2737 2081 975 1562 887 1212 364 1397 609 1179
2251 2087 5030 4032 3367 3530 3422 3221 2951 2804 2865 2366 3533 3304 2952 3139 3426 3044 2822 4220 3614 2974 1453 1074 2085 1292 1547 1031 1794 1606 3047 2515 3810 3581 3651 2878 3257 3010 2940 4567 2991 3291 3472 3577 3245 2179 2230 1746 2443 2364 3638 1934 2503 1688 1428 1513 1008 1357 1629 1335 1351 1571 2425 1678 1440 1864 1020 1686 1310 1430 1709 0 575 1848 1303 1237 1575 776 2408 2357 2487 1856 3268 3557 2545 2794 3517 3324 2732 2353 3371 2808 2557 2893 2204 2173 2457 1751 1510 1853 2473 1731 1420
1853 1689 5020 3722 3294 3133 3349 2823 2553 2406 2468 1968 3136 2970 2688 2741 3364 2646 2425 3823 3174 2576 1056 1016 1688 1368 1149 634 1397 1824 3037 2505 3749 3184 3641 2868 3247 3000 2930 4557 2981 3281 3462 3567 3235 2169 2220 1736 2433 2354 3628 1924 2493 1678 1418 1503 788 1137 1619 1325 1341 1561 2415 1668 1430 1854 1010 1676 1300 1420 1699 613 0 1451 1446 1364 1702 766 2398 2347 2477 1846 3258 3547 2535 2921 3507 3314 2859 2343 3361 2798 2547 2883 2194 2163 2447 1741 1500 1843 2463 1721 1410
1179 903 4855 2981 2620 1755 2675 2149 1879 1732 1090 1294 1758 2296 2014 2067 2690 1972 1047 2445 2432 1902 1152 1657 1179 2155 912 1016 1264 1613 3337 3299 2371 1806 3922 3039 2285 2695 3211 3868 2930 3424 2879 2756 3174 2959 2924 2440 2449 3148 3909 2628 3197 1912 2272 2207 1688 2037 2857 2712 2728 2265 3802 2476 2452 826 2397 2380 2687 2657 2458 1884 1533 0 2833 2751 3089 2153 3785 3734 3864 3233 4645 4934 3922 4308 4894 4701 4246 3730 4748 4185 3934 4270 3581 3124 3151 3037 2887 2703 3378 2759 2797
3235 3071 5718 4720 3895 4384 3950 4112 3903 3756 3724 3345 4387 3832 3480 4091 3954 3784 3681 4983 4302 3954 2437 2146 2593 2253 2531 2015 2781 2108 3735 3203 4498 4440 4339 3566 3945 3698 3628 5255 3679 3979 4160 4265 3933 2867 2918 2434 3131 3052 4326 2622 3191 2376 2061 2201 1883 2043 2262 1968 1984 2259 3058 2311 2073 2552 1653 2374 1943 2063 2342 1271 1449 2832 0 1523 1861 1409 3041 2990 3120 2489 3901 4190 3178 3080 4150 3957 3018 2986 4004 3441 3190 3526 2837 2806 3145 2384 2143 2486 3106 2364 2053
3116 2952 5599 4601 4367 4265 4422 4086 3816 3669 3605 3231 4268 4304 3952 4004 4426 3909 3562 4864 4183 3839 2318 2074 2950 2292 2412 1896 2659 2606 3616 3084 4379 4321 4220 3447 3826 3579 3509 5136 3560 3860 4041 4146 3814 2748 2799 2315 3012 2933 4207 2503 3072 2257 1942 2082 1764 1924 2143 1849 1865 2140 2709 2192 1954 2433 1533 2255 1824 1944 2223 1199 1330 2713 1515 0 491 1289 2995 2870 3000 2369 3047 4070 3058 1710 4030 3837 1648 2866 3885 3321 3070 3406 2717 2687 3026 2265 2024 2367 2987 2245 1934
3449 3285 5932 4934 4700 4598 4755 4419 4149 4002 3938 3564 4601 4637 4285 4337 4759 4242 3895 5197 4516 4172 2651 2407 3283 2625 2745 2229 2992 2939 3949 3417 4712 4654 4553 3780 4159 3912 3842 5469 3893 4193 4374 4479 4147 3081 3132 2648 3345 3266 4540 2836 3405 2590 2275 2415 2097 2257 2476 2182 2198 2473 2362 2525 2287 2766 1866 2588 2157 2277 2556 1532 1663 3046 1848 451 0 1622 2648 3356 2810 2702 2524 4159 3391 1363 4363 3845 1301 3199 4218 3654 3345 3739 3164 3020 3359 2598 2357 2700 3320 2578 2267
2512 2348 4995 3997 3909 3661 3964 3482 3212 3065 3001 2627 3664 3629 3347 3400 3968 3305 2958 4260 3579 3235 1714 1616 2346 1834 1808 1292 2055 2148 3012 2480 3775 3717 3616 2843 3222 2975 2905 4532 2956 3256 3437 3542 3210 2144 2195 1711 2408 2329 3603 1899 2468 1653 1171 1478 1160 1320 1359 1057 776 1536 1824 1408 1183 1829 296 1651 1062 1159 1452 788 726 2109 1395 1312 1650 0 1807 1756 1886 1255 2667 2956 1944 2508 2916 2723 2807 1752 2714 2207 1956 2292 1603 1902 2290 1436 1195 1583 2209 1460 1082
4140 3976 5910 4927 5537 4972 5592 4937 4840 4693 4312 4255 4975 5257 4975 5028 5596 4933 4269 5190 4509 4863 3342 3244 3974 3462 3436 2920 3683 3776 3942 3236 4705 4961 4546 3773 4200 3905 3835 5462 3886 4186 4367 4472 4140 3014 2979 2495 3192 3259 4490 2683 2908 2437 1995 2189 2538 2400 1964 1634 1353 2320 1300 2013 1924 3139 1725 2435 1504 1765 2193 2416 2354 3737 3023 2975 2683 1796 0 1427 1558 1522 1786 3224 2180 2083 3184 2991 1513 1574 2982 2475 2092 2560 1235 2381 2666 1955 1696 2188 2477 2066 1436
4048 3884 5240 4422 5445 4675 5500 4432 4748 4601 4286 4163 5036 5165 4883 4936 5504 4841 4243 4685 4004 4771 3250 3152 3882 3370 3344 2828 3591 3684 3437 2566 4200 4456 4041 3268 4174 3400 3330 4957 3381 3681 3863 3967 3635 2728 2504 2469 3166 2629 3820 2503 2237 2411 1969 2163 2512 2374 1625 1522 1327 2294 1962 1987 1898 3113 1633 2409 1366 1777 2167 2324 2262 3645 2931 2848 3186 1704 1374 0 603 1184 1384 1865 853 2744 2058 1632 2175 284 1959 1177 865 1434 319 1710 1995 1566 1479 2084 1806 1762 1285
4217 4053 5505 4687 5614 4940 5669 4697 4917 4770 4455 4332 5118 5334 5199 5105 5673 5010 4412 4950 4269 4940 3419 3321 4051 3539 3513 2997 3760 3853 3702 2831 4465 4721 4306 3533 4343 3665 3595 5222 3646 3946 4128 4232 3900 2993 2769 2638 3335 2894 4085 2768 2502 2580 2138 2332 2681 2543 1890 1691 1496 2463 2131 2156 2067 3282 1802 2578 1535 1946 2336 2493 2431 3814 3100 3017 2895 1873 1544 633 0 1353 947 1789 777 2695 2090 1556 2125 780 1991 1101 1377 1466 488 1975 2260 1831 1648 2331 2071 2027 1454
3693 3529 5368 4550 5090 4591 5145 4560 4393 4246 3931 3808 4594 4810 4528 4581 5149 4486 3888 4813 4132 4416 2895 2797 3527 3015 2989 2473 3236 3329 3565 2694 4328 4584 4169 3396 3819 3528 3458 5085 3509 3809 3991 4095 3763 2633 2598 2114 2811 2757 3948 2302 2366 2056 1614 1808 2157 2019 1442 1178 972 1939 2153 1632 1543 2758 1278 2054 1022 1384 1812 1969 1907 3290 2576 2493 2831 1349 1692 1347 1477 0 2258 2556 1549 2966 2516 2323 3050 1314 2417 1807 1561 1892 1194 1839 2124 1383 1124 1807 1935 1579 941
5044 4880 6331 5513 6441 5766 6496 5523 5744 5597 5282 5159 6127 6161 5879 5932 6500 5837 5239 5776 5095 5767 4246 4148 4878 4366 4340 3824 4587 4680 4528 3657 5291 5547 5132 4359 5170 4491 4421 6048 4472 4772 4954 5058 4726 3819 3595 3465 4162 3720 4911 3594 3328 3407 2965 3159 3508 3370 2716 2518 2323 3290 1913 2983 2894 4109 2629 3405 2362 2773 3163 3320 3258 4641 3927 2966 2595 2700 1813 1460 981 2180 0 2615 1603 2233 2916 2382 1663 1607 2817 1927 1515 2292 1315 2801 3086 2657 2475 3158 2897 2853 2281
5292 5128 6327 5509 6689 5762 6744 5519 6077 5941 5587 5407 6123 6494 6127 6265 6748 6085 5487 5772 5091 6015 4494 4396 5126 4614 4588 4072 4835 4928 4524 3653 5287 5543 5128 4355 5418 4487 4417 6044 4468 4768 4950 5054 4722 3815 3677 3713 4344 3716 4907 3571 3305 3655 3213 3407 3813 3618 2712 2733 2571 3538 3752 3231 3142 4357 2877 3653 2571 2983 3411 3568 3506 4889 4175 4092 4299 2948 3176 1881 1804 2410 2584 0 1013 4185 2048 368 3762 1806 1949 879 1479 870 2121 2779 3063 2653 2488 3171 2874 2849 2569
4300 4136 5337 4519 5697 4772 5752 4529 5087 4951 4538 4415 5133 5504 5135 5275 5756 5093 4495 4782 4101 5023 3502 3404 4134 3622 3596 3080 3843 3936 3534 2663 4297 4553 4138 3365 4426 3497 3427 5054 3478 3778 3960 4064 3732 2825 2601 2721 3354 2726 3917 2600 2334 2663 2221 2415 2764 2626 1722 1761 1579 2546 2760 2239 2150 3365 1885 2661 1599 1991 2419 2576 2514 3897 3183 3100 3438 1956 2162 867 790 1466 1570 1020 0 3318 1344 787 2748 792 1245 326 634 707 1107 1807 2092 1663 1496 2181 1903 1859 1577
4767 4603 6879 5881 6018 5916 6073 5891 5467 5320 5256 4882 5919 5955 5603 5655 6077 5560 5213 6144 5463 5490 3969 3725 4601 3943 4063 3547 4310 4257 4896 4364 5659 5915 5500 4727 5154 4859 4789 6416 4840 5140 5321 5426 5094 3968 3933 3449 4146 4213 5487 3637 4052 3391 2949 3143 3415 3354 2918 2588 2308 3274 1184 2967 2878 4093 2193 3389 2490 2719 3147 2850 2981 4364 3166 1769 1477 2467 2158 2867 2743 2719 2245 4239 3365 0 4381 3925 811 3014 4179 3689 3277 3757 2675 3462 3810 2955 2714 3142 3674 3020 2458
5244 5080 6146 5328 6641 5581 6696 5338 5896 5760 5390 5359 5942 6313 6079 6084 6700 6037 5347 5591 4910 5967 4446 4348 5078 4566 4540 4024 4787 4880 4343 3472 5106 5362 4947 4174 5310 4306 4236 5863 4287 4587 4769 4873 4541 3634 3481 3605 4163 3535 4726 3375 3109 3547 3105 3299 3616 3478 2582 2536 2523 3430 3704 3123 3034 4217 2829 3545 2374 2785 3303 3520 3458 4841 4127 4044 4382 2900 3243 2063 2109 2362 2889 2034 1366 4572 0 1990 4067 1970 952 1474 1888 1101 2302 2583 2867 2523 2348 3041 2678 2719 2523
5049 4885 6084 5266 6446 5519 6501 5276 5834 5698 5344 5164 5880 6166 5884 6022 6505 5842 5301 5529 4848 5772 4251 4153 4883 4371 4345 3829 4592 4685 4281 3410 5044 5300 4885 4112 5175 4244 4174 5801 4225 4525 4707 4811 4479 3572 3434 3470 4101 3473 4664 3328 3062 3412 2970 3164 3570 3432 2469 2490 2328 3295 3509 2988 2899 4171 2634 3410 2328 2739 3168 3325 3263 4646 3932 3849 4006 2705 2934 1639 1562 2167 2342 361 771 3892 1965 0 3520 1564 1866 637 1186 1018 1879 2536 2820 2410 2245 2928 2631 2606 2326
4670 4506 7153 6155 5921 5819 5976 5640 5370 5223 5159 4785 5822 5858 5506 5558 5980 5463 5116 6418 5737 5393 3872 3628 4504 3846 3966 3450 4213 4160 5170 4638 5933 5875 5774 5001 5380 5133 5063 6690 5114 5414 5595 5700 5368 4302 4392 3908 4605 4487 5761 4096 4271 3850 3408 3602 3318 3478 3377 3047 2767 3733 1562 3426 3337 3987 2787 3848 2949 3178 3606 2753 2884 4267 3069 1672 1380 2843 1462 2171 2047 2892 1549 3681 2669 780 3982 3448 0 2318 3883 2993 2581 3358 1979 3744 4029 3414 3158 3601 3840 3479 2917
4084 3920 5121 4303 5481 4556 5536 4313 4871 4735 4322 4199 4917 5288 4919 5059 5540 4877 4279 4566 3885 4807 3286 3188 3918 3406 3380 2864 3627 3720 3318 2447 4081 4337 3922 3149 4210 3281 3211 4838 3262 3562 3744 3848 3516 2609 2385 2505 3138 2510 3701 2384 2118 2447 2005 2199 2548 2410 1506 1545 1363 2330 2155 2023 1934 3149 1669 2445 1383 1775 2203 2360 2298 3681 2967 2884 3222 1740 1568 272 796 1187 1577 1746 734 2938 1939 1513 2368 0 1840 1058 746 1315 512 1591 1876 1447 1280 1965 1687 1643 1361
5155 4991 5994 5176 6552 5429 6607 5186 5744 5608 5238 5270 5790 6161 5990 5932 6611 5948 5195 5439 4758 5878 4357 4259 4989 4477 4451 3935 4698 4791 4191 3320 4954 5210 4795 4022 5158 4154 4084 5711 4135 4435 4617 4721 4389 3482 3329 3453 4011 3383 4574 3223 2957 3395 2953 3147 3464 3326 2430 2384 2371 3278 3552 2971 2882 4065 2677 3393 2222 2633 3151 3431 3369 4752 4038 3955 4293 2748 3091 1979 2025 2278 2805 1951 1282 4365 1017 1906 3983 1886 0 1390 1869 1094 2218 2430 2715 2371 2196 2889 2526 2567 2371
4714 4550 5749 4931 6111 5184 6166 4941 5499 5363 5009 4829 5545 5916 5549 5687 6170 5507 4966 5194 4513 5437 3916 3818 4548 4036 4010 3494 4257 4350 3946 3075 4709 4965 4550 3777 4840 3909 3839 5466 3890 4190 4372 4476 4144 3237 3099 3135 3766 3138 4329 2993 2727 3077 2635 2829 3235 3097 2134 2155 1993 2960 3174 2653 2564 3836 2299 3075 1993 2404 2833 2990 2928 4311 3597 3514 3852 2370 2713 1370 1293 1832 2073 1055 490 3821 1443 822 3251 1295 1344 0 1137 381 1610 2201 2485 2075 1910 2593 2296 2271 1991
4237 4073 5274 4456 5634 4709 5689 4466 5024 4888 4475 4352 5070 5441 5219 5212 5693 5030 4432 4719 4038 4960 3439 3341 4071 3559 3533 3017 3780 3873 3471 2600 4234 4490 4075 3302 4363 3434 3364 4991 3415 3715 3897 4001 3669 2762 2538 2658 3291 2663 3854 2537 2271 2600 2158 2352 2701 2563 1659 1698 1516 2483 2607 2176 2087 3302 1822 2598 1536 1928 2356 2513 2451 3834 3120 3037 3371 1893 2020 804 643 1403 1423 1446 547 3171 1879 1132 2601 729 1761 871 0 1236 964 1744 2029 1600 1433 2118 1840 1796 1514
4637 4473 5649 4831 6034 5084 6089 4841 5399 5263 4909 4752 5445 5816 5472 5587 6093 5430 4866 5094 4413 5360 3839 3741 4471 3959 3933 3417 4180 4273 3846 2975 4609 4865 4450 3677 4763 3809 3739 5366 3790 4090 4272 4376 4044 3137 2999 3058 3666 3038 4229 2893 2627 3000 2558 2752 3135 2997 2034 2055 1916 2883 3097 2576 2487 3736 2222 2998 1893 2304 2756 2913 2851 4234 3520 3437 3775 2293 2636 1456 1502 1755 2282 915 750 3910 1106 1082 3460 1363 1089 484 1346 0 1695 2101 2385 1975 1867 2493 2196 2171 1914
3920 3756 5438 4620 5317 4818 5372 4630 4620 4473 4158 4035 4821 5037 4755 4808 5376 4713 4115 4883 4202 4643 3122 3024 3754 3242 3216 2700 3463 3556 3635 2764 4398 4654 4239 3466 4046 3598 3528 5155 3579 3879 4061 4165 3833 2860 2702 2341 3038 2827 4018 2529 2435 2283 1841 2035 2384 2246 1669 1394 1199 2166 1834 1859 1770 2985 1505 2281 1238 1649 2039 2196 2134 3517 2803 2720 3194 1576 1246 335 466 1056 1247 2100 1088 2616 2256 1867 2046 482 2157 1412 1000 1632 0 1908 2193 1610 1351 2034 2004 1806 1157
3897 3870 4305 3488 4971 3741 5026 3498 4056 3920 3519 4012 4102 4473 4732 4244 5112 4749 3476 3751 3070 4488 3099 3001 3731 3219 3193 2677 3440 3533 2503 1618 3266 3522 3107 2334 3230 2466 2396 4023 2447 2747 2928 3033 2701 1793 1516 1584 2322 1694 2885 1131 866 1467 1293 1023 1975 1983 755 1093 1330 1574 2710 804 1111 2346 1825 1465 1097 966 1028 2173 2111 3122 2780 2697 3035 1896 2430 1693 1960 1741 2740 2778 1792 3523 2619 2545 3918 1600 2405 2029 1804 2079 1932 0 624 807 1072 721 422 494 1246
4064 3951 4148 3331 4814 3584 4869 3341 3899 3763 3600 4207 3945 4316 4928 4087 4955 4592 3557 3594 2913 4331 3267 3227 3899 3579 3360 2845 3608 4035 2346 1461 3109 3365 2950 2177 3227 2309 2239 3866 2290 2590 2771 2876 2544 1636 1391 1075 1943 1537 2728 622 431 1548 1455 1389 2092 2100 1367 1520 1591 1065 3063 1416 1635 2427 2191 1410 1358 1578 1640 2567 2505 3203 3174 3091 3429 2262 2652 1915 2182 1963 2962 3056 2014 3876 2862 2823 4010 1822 2683 2307 2026 2357 2154 611 0 1419 1333 1333 321 1106 1507
3449 3285 4692 3874 4846 4089 4901 3884 4149 4002 3429 3564 4092 4566 4431 4337 4905 4242 3386 4137 3456 4172 2651 2553 3283 2771 2745 2229 2992 3085 2889 2018 3652 3908 3493 2720 3254 2852 2782 4409 2833 3133 3315 3419 3087 2068 2033 1549 2246 2081 3272 1737 1670 1491 1049 963 1655 1620 313 678 749 1374 2221 744 978 2256 1348 1489 516 586 968 1725 1663 3032 2332 2249 2587 1419 1989 1550 1817 1270 2597 2687 1649 3034 2528 2454 3445 1457 2314 1938 1661 1988 1618 804 1428 0 462 661 1226 339 657
3231 3067 4624 3806 4628 3974 4683 3816 3931 3784 3314 3346 3977 4348 4066 4119 4687 4024 3271 4069 3388 3954 2433 2335 3065 2553 2527 2011 2774 2867 2821 1950 3584 3840 3425 2652 3234 2784 2714 4341 2765 3065 3247 3351 3019 2112 1888 1529 2226 2013 3204 1717 1619 1471 1029 1223 1540 1402 512 460 531 1354 2003 1047 958 2141 1130 1469 298 709 1227 1507 1445 2828 2114 2031 2369 1201 1773 1369 1636 1054 2416 2515 1468 2816 2356 2282 3229 1276 2142 1766 1480 1816 1402 1092 1377 453 0 971 1244 649 441
3550 3473 4643 3645 4990 3782 5045 3655 4213 4077 3122 3665 3785 4630 4385 4401 5049 4343 3079 3908 3227 4273 2753 2713 3385 2915 2846 2331 3094 3229 2660 2028 3423 3679 3264 2491 2833 2623 2553 4180 2604 2904 3085 3190 2858 1647 1612 1128 1825 1977 3251 1316 1618 1070 896 626 1578 1586 643 981 1163 953 2400 407 714 1949 1515 1068 1039 854 497 1869 1807 2725 2476 2393 2731 1586 2284 2076 2343 1744 3123 3213 2175 3213 3054 2980 3668 1983 2840 2464 2187 2514 2092 752 1376 664 989 0 1174 386 1184
4159 4149 3994 3177 4660 3430 4715 3187 3745 3609 3798 4053 3791 4162 4774 3933 4801 4438 3755 3440 2759 4177 3325 3227 3957 3445 3419 2903 3666 3759 2192 1307 2955 3211 2796 2023 3181 2155 2085 3712 2136 2436 2617 2722 2390 1482 1205 1273 2011 1383 2574 820 554 1746 1653 1433 2290 2295 1165 1352 1423 1263 2895 1214 1521 2625 2023 1608 1190 1376 1438 2399 2337 3401 3006 2923 3261 2094 2498 1761 2028 1834 2833 2871 1860 3708 2712 2638 3856 1693 2498 2122 1872 2172 2000 409 312 1217 1165 1131 0 904 1339
3503 3339 4678 3655 4900 3792 4955 3665 4223 4087 3132 3618 3795 4640 4485 4411 4959 4296 3089 3918 3237 4226 2705 2607 3337 2825 2799 2283 3046 3139 2670 2004 3433 3689 3274 2501 2843 2633 2563 4190 2614 2914 3095 3200 2868 1657 1622 1138 1835 1987 3258 1326 1411 1080 906 636 1588 1596 361 699 954 963 2316 417 724 1959 1431 1078 757 572 641 1779 1717 2735 2386 2303 2641 1502 2200 1794 2061 1515 2841 2931 1893 3129 2772 2698 3584 1701 2558 2182 1905 2232 1863 545 1169 382 707 334 967 0 902
3177 3013 4787 3969 4574 3920 4629 3979 3877 3730 3260 3292 3923 4294 4012 4065 4633 3970 3217 4232 3489 3900 2379 2281 3011 2499 2473 1957 2720 2813 2922 2113 3747 3976 3588 2753 3180 2947 2815 4504 2928 3166 3410 3514 3120 1994 1959 1475 2172 2176 3367 1663 1782 1417 975 1169 1486 1348 750 375 477 1300 1880 993 904 2087 1027 1415 219 630 1173 1453 1391 2774 2060 1977 2315 1098 1512 1344 1474 843 2255 2575 1563 2693 2519 2342 2968 1371 2305 1826 1575 1979 1191 1330 1540 691 432 1168 1407 887 0
